0	1.526	2.492390026353444	3.840184963965649	4.353191277065213	4.000014034418028	2.641823098645077	3.279896344023159	4.478726957657201	4.420093925916104	3.6352029962128793	4.51465678030833	4.769918626220874	5.539514524795713	6.625901005041693	7.494732739578358	6.863039465833581	6.413850193939833	5.54601149058164	4.389522790498722	5.267444556510485	6.317442316711962	7.331996970245649	6.854949818292208	6.075910914363914	5.726813599892571	7.131253651736587	7.27643369086124	6.684228136267054	5.18926721890821	4.559044740747898	5.048014079194204	4.617525500542635	5.071377230289283	5.439604811608351	6.586585644245931	6.350070205430903	5.938946552730307	4.782518299459939	5.292514552654127	6.5864608495805745	6.53010896460802	8.002624874433824	8.365768275134485	8.420951088607715	9.135526733016764	10.473092798436978	11.33327456038541	11.523213532113527	10.244936226731493	9.26618555271659	9.225129998177433	8.584376086162186	9.204052556951082	9.222962417449345	10.013013716356138	9.533294085085117	10.435049528180777	11.87350767169545	12.138079451519701	12.159227935770796	10.784847673658152	11.093890811249645	11.863119782838622	12.534416923644654	13.265660783735404	12.380281989311392	11.767087029628131	11.02183246947511	10.624770776662265	9.848524477330743	10.72837649716677	10.90677206602459	11.29193032825561	10.337448192775874	11.107831291653337	11.493782314289382	10.342329922523556	10.979190492391643	12.214632022665187
1.526	0	1.526	2.492390026353444	3.0106517699367474	2.6890623852405406	1.673982766604195	2.798646043900523	4.049762375463687	4.21773264926088	3.970237762856162	5.068966811021971	5.121451978428762	5.488338096268595	6.626705928143593	7.212896837831067	6.339620943528496	6.009721362794951	5.490279312805551	4.337249591875377	5.106674542264422	6.411103303039099	7.347285569600966	6.854126789301623	6.381450682752619	5.9961001104848775	7.369892940592822	7.467103435591266	6.605484233937854	5.112827860333858	4.846052825919593	5.201522661652388	4.383053947032701	4.482798914562069	4.484378830935779	5.49491451900183	5.252247904654668	5.151749409059634	4.196626502421304	4.646190448391229	6.101057224347138	6.399531223766768	7.912946360171216	8.542157449899173	8.66447755263512	9.591847321853876	10.891059920506498	11.906198302613921	12.142099517358517	10.915086262148208	9.784424745349332	9.69579919665423	9.230231334958388	9.804580116188765	9.596051457623597	10.271867787105533	9.83684166596456	10.597029424086482	12.083105164240045	12.5240382321544	12.560497630340274	11.190625193702267	11.502975851654485	12.103150207481757	12.786079556514027	13.36101243952665	12.33456092414431	11.696007253027606	10.779161968951735	10.34686103452676	9.387032966971754	10.113941333002588	10.34568275164651	10.924513164088435	10.109616408442484	11.059460967304224	11.508865946937908	10.39209755312991	11.13115581262744	12.253962975686079
2.492390026353444	1.526	0	1.5259999999999998	2.4923900263534433	2.9995490244114458	2.5673695824582414	4.011372067962994	4.991696576611962	4.85613708330329	4.717633184405512	6.039435260021355	6.335297025480173	6.592703026553853	7.551600538843744	7.989068117167926	6.929985867812086	6.372482233564145	6.012226067752872	5.157037569364167	6.1394107607502075	7.4702156408852085	8.523775206702275	8.181069352523771	7.788060997042192	7.495709306535908	8.883113464570897	8.980728076405947	8.06911714807823	6.596866688572254	6.326589762135628	6.537155047984066	5.5673841022026345	5.683268182479029	5.356654072041551	6.302360416363614	6.1555881973167565	6.345741418456853	5.521783891641394	5.793880889860136	7.291406459823706	7.714923030520683	9.238516159195184	9.903303669433821	9.913176592545401	10.845211048491436	12.193131145587927	13.199696500613305	13.331921535182927	12.04550188056558	10.935389586633795	10.977909043182764	10.573075176034996	11.233915614055352	11.048243006690134	11.658188521049816	11.135954707210173	11.806383997248261	13.311344392972535	13.746452307943269	13.672054744676716	12.252684826008766	12.419616796679211	12.951020928520721	13.497690771137515	13.996206309669622	12.928911857177772	12.431263776496273	11.469274114420667	11.186412026442724	10.178995874059346	10.738827147519256	10.8195064276312	11.471499191766943	10.805780706407036	11.81155256964897	12.122088151613868	10.909708590446577	11.52467827811958	12.5491402550726
3.840184963965649	2.492390026353444	1.5259999999999998	0	1.5259999999999998	2.4923900263534438	2.9019439287688615	4.371461870881126	5.194057998737652	5.237940347141686	5.520914013767648	6.885135391479319	7.022427887629519	6.96415478395612	7.8999738133504485	8.059389745273133	6.817903866968554	6.397177819199823	6.398202748871181	5.635226283065012	6.452570142569741	7.903291564364309	8.851728871744559	8.521247191328188	8.382169507636474	8.085175305294205	9.404933286524718	9.474918059278156	8.392957972927107	7.002757540475835	7.009851758378896	7.137462366190847	5.961725508932028	5.763002564714534	5.078871037935062	5.747848794031873	5.606644337608822	6.1458836619114985	5.618695694476786	5.805855591849496	7.326499243669731	8.032667927170447	9.523656465105706	10.38686586574355	10.461611525434803	11.542620268495883	12.833917122458864	13.953788148857305	14.132159055202418	12.90510790055543	11.689642324279626	11.681308275041303	11.407841234434803	12.013451040506624	11.652160340439389	12.168015243721927	11.701605014655154	12.248697766743806	13.767876980030005	14.348189726533445	14.296559113278978	12.903564379556034	13.080850337425346	13.463051330448064	14.018084839941912	14.370616851066202	13.190308892124904	12.675084125209114	11.572218599031547	11.260628768354659	10.103410622141624	10.48675297695875	10.617713176063637	11.452194818024745	10.940007112372914	12.088829983947548	12.455117006856833	11.303520134679667	12.00081036166073	12.902698658764226
4.353191277065213	3.0106517699367474	2.4923900263534433	1.5259999999999998	0	1.5259999999999998	2.4923900263534433	3.829132823513893	4.248233431909669	4.265820019325617	4.919637593898554	6.300694765068212	6.4169780656497695	6.080713007235131	6.861738747150852	6.820146473125247	5.480627938172077	5.090637004656244	5.342564712537704	4.756166482517381	5.5195701575661325	6.983113928343274	7.932733532834429	7.78412723615345	7.865190473607008	7.790807019458291	9.127428809267155	9.399862634104197	8.356899326477128	6.984068651572955	7.2534932010667035	7.634556743545067	6.5647845524843715	6.074082921853986	5.471848333871573	5.821298506897178	5.2992965113813515	5.836387776162181	5.622485526480101	6.132259280115677	7.6300057393381	8.391416934427523	9.834736722467017	10.765725618166865	11.046096246015368	12.157643827761207	13.362054230361103	14.51029160510024	14.832867949556373	13.677111371844656	12.438118414727949	12.256716531818197	11.898224564825979	12.32734266411821	11.882486971320054	12.503591939712742	12.215253922337213	12.83870853963792	14.335967053014977	14.976058846578496	15.065464261702534	13.731651261325574	14.047101742715824	14.456955995676017	15.120392748200713	15.488932107806285	14.296458566411511	13.666585876699907	12.531311808633944	12.067834340624955	10.853833600250347	11.266080681153298	11.565633017790436	12.458220900282472	11.908905543389157	13.079825148471583	13.571995618310858	12.497652255627884	13.285363890583012	14.21424236272442
4.000014034418028	2.6890623852405406	2.9995490244114458	2.4923900263534438	1.5259999999999998	0	1.5259999999999996	2.4923900263534433	2.9774708610685057	3.4361119367713036	4.204012693114518	5.381164047405663	5.213313553014625	4.79119944398888	5.7412778915516	5.7562717773592444	4.539314005163969	4.478140459507667	4.659681690112011	3.7879963115096724	4.257144701474541	5.770497979032491	6.580254510880518	6.325188392737912	6.471854394691677	6.382609758603918	7.681170240301949	8.004073483452187	6.983405000642721	5.641127094392431	6.088201644964728	6.6253147915806885	5.687946751049144	5.014118672102315	4.645179960291786	4.90303326836247	4.1337085666302285	4.46028008714433	4.343329639075169	5.103099725874882	6.5426589420567485	7.267449387483169	8.661237086743197	9.60804346842442	10.041627304901494	11.166891395762072	12.287574223481412	13.455915905475653	13.899103408043459	12.827475091867084	11.565818257704139	11.233022356956665	10.833973810114	11.133412264998093	10.619931827221231	11.299220058567313	11.139933100427735	11.830219995024398	13.296369351298459	13.96996202775853	14.184489886997962	12.919017195082397	13.38011812414672	13.831721325668902	14.62582395504382	15.04627558541745	13.88146736579823	13.11242531392899	12.001770716219637	11.379590052098441	10.185200831518063	10.73173538640684	11.19966635938162	12.049951289464353	11.382593627775794	12.51802392256311	13.152594184107802	12.18194200573675	13.089629641982128	14.09279676393522
2.641823098645077	1.673982766604195	2.5673695824582414	2.9019439287688615	2.4923900263534433	1.5259999999999996	0	1.5259999999999996	2.492390026353444	2.820316387692806	3.077493356573039	4.2157293807003775	4.142594471816278	4.134964426351439	5.2113385006612365	5.628492832762918	4.69055081229434	4.486738590336837	4.153755216271383	2.999671311002925	3.672683437955019	5.094193019092134	6.031991820961247	5.711060211405137	5.5316029350558305	5.427924245412639	6.84009145179792	7.201568557977155	6.360752395039199	4.891290938374496	5.068460797018698	5.755764616892112	5.048692162113263	4.676464844064679	4.720229517719701	5.323649184004124	4.6301411866245346	4.489346969647549	3.9573666643180943	4.846561539257903	6.266071698107437	6.683379092025975	8.118983072135846	8.866660745217624	9.261672378431266	10.249806822245013	11.41745435718604	12.483999226603482	12.904859399572269	11.790221007239623	10.618899872975023	10.304423771539762	9.765874519395293	10.098067950206607	9.748502031903037	10.537113542485173	10.337910359385901	11.16268380818418	12.615816336836344	13.154087539862862	13.365363434275325	12.083619016304771	12.560767193926063	13.155620837472513	13.96204236150799	14.52141202873004	13.462953076039849	12.69275900175931	11.715484360959053	11.104936172911282	10.056807662120914	10.784776556298874	11.212904174496321	11.889430331493703	11.067078634439156	12.066272403891764	12.66908707814947	11.660930623972197	12.515468889828615	13.633758367817036
3.279896344023159	2.798646043900523	4.011372067962994	4.371461870881126	3.829132823513893	2.4923900263534433	1.5259999999999996	0	1.526	2.492390026353444	2.781999769625155	3.4188194770985807	2.890234976824114	2.830741725443301	4.130586269536207	4.695698962564264	4.076506256866072	4.238487515924481	3.7788187082568294	2.3389534285163807	2.4675765218977506	3.8594591371355693	4.627591005497934	4.195224877100133	4.056375750786046	4.030848561821204	5.442204481066115	5.96851351292541	5.263248120992113	3.8493552259320247	4.268683162525275	5.261055739550582	4.872160418313524	4.335954511448466	4.7709622928951845	5.219414810711412	4.2822180622961215	3.7009755694230098	3.295531417838814	4.553437063829536	5.766124059064688	6.040224725940316	7.357630179896835	8.067671053434372	8.673511309784967	9.62957570953293	10.673095072297391	11.731406410589642	12.307445179832962	11.30624859776547	10.146363411329785	9.633580195270962	9.001238771448758	9.134477925074016	8.729049882942608	9.634704120703478	9.622975474790849	10.555126572037121	11.943757956109158	12.496789286443628	12.868355496829471	11.686959217731163	12.33619164296699	12.991770412040758	13.934254834562466	14.55684924745634	13.552235673362533	12.643887549120393	11.722192871145657	10.94653435386039	9.957000334587935	10.821294825587028	11.415831396951173	12.028973375128679	11.089728379566358	12.017569300508544	12.761717814991828	11.878430883775943	12.832842416264741	14.015069572453573
4.478726957657201	4.049762375463687	4.991696576611962	5.194057998737652	4.248233431909669	2.9774708610685057	2.492390026353444	1.526	0	1.5259999999999998	2.4923900263534433	3.010651769936746	2.5622187542023456	1.8370236649867122	2.837723942344282	3.21195447636019	2.5859595405283002	2.8685905631904918	2.5909173502350127	1.3844650721319793	1.2835003627811692	2.7935096867812024	3.7080891768712787	3.7512156632698264	3.9909544700439232	4.477447481340597	5.8317118039112605	6.658880459472428	6.111562406202882	4.864789729614868	5.482895352069796	6.6185202838649	6.321733685049476	5.637408486954712	6.019685850222534	6.188010195311774	4.988175981998509	4.446739869729821	4.466006991739319	5.838581996904596	6.950822289312883	7.2540731212909515	8.454496112025014	9.173299117594565	9.923250477808052	10.849951494572489	11.798438451827575	12.832213578891508	13.50826447953606	12.570411389231843	11.443111418007462	10.819940270169377	10.103950514149657	10.065850444134973	9.62937579182533	10.632308739226069	10.779381002672748	11.761814254617766	13.09819408606733	13.670431546481428	14.140958054485179	13.01860431042249	13.738511544580975	14.412677511237916	15.396297391103015	16.024379574139196	15.018301423135785	14.068815871868813	13.131993338761959	12.28997394192274	11.27046849761317	12.10960396936067	12.778615036442	13.440296606800523	12.51300672863333	13.449994409980727	14.239817520665273	13.386122339733072	14.354936661064233	15.53550220169632
4.420093925916104	4.21773264926088	4.85613708330329	5.237940347141686	4.265820019325617	3.4361119367713036	2.820316387692806	2.492390026353444	1.5259999999999998	0	1.5259999999999996	2.492390026353443	2.880995074719612	2.5168401360252513	2.8558452371855485	3.3381023482883228	2.668408069693474	2.0890775673677213	1.3500593048514944	0.6957063499282458	2.0148459802482717	3.0561245128188133	4.384194927646219	4.788898766195096	4.827623878507587	5.511978545049067	6.943717558408626	7.842396109809996	7.417069899446943	6.094165460557173	6.449136637728732	7.591098240127618	7.301470659236854	6.82633070456157	7.152313351733909	7.463648263495984	6.352082358562842	5.904533518225752	5.753418654746961	7.037636120948117	8.238283351558405	8.456836143343374	9.717141593795462	10.324150243163386	10.97415821843483	11.800552960938845	12.824380047278495	13.76581393239	14.365721146597764	13.344048296491694	12.304990863979961	11.77847042459037	10.962663763630534	10.995997662759482	10.723089001206548	11.786521836803693	11.854430807374698	12.890194468524287	14.237170947376462	14.704337529889797	15.10824078254968	13.931727514762756	14.57250242002289	15.31876473968868	16.22575769155269	16.907233479164915	15.934706845142092	15.072034620176831	14.174008639023835	13.430036272988213	12.44134277574585	13.272584029867172	13.828704161018795	14.459784901832082	13.531860109825178	14.4361131586971	15.117144035441713	14.158479762227739	15.011274455246859	16.21414498811674
3.6352029962128793	3.970237762856162	4.717633184405512	5.520914013767648	4.919637593898554	4.204012693114518	3.077493356573039	2.781999769625155	2.4923900263534433	1.5259999999999996	0	1.5259999999999996	2.4923900263534433	2.9774708610685057	3.4180912900527582	4.387286225363845	4.071146938407004	3.4026950339327175	2.110584673545583	1.336253969617248	2.700819691058857	3.3649968430754504	4.777282942304119	5.045094840267635	4.612830524070423	5.239353519381643	6.736661114673918	7.60047570055235	7.348693034872264	5.96885845071131	5.977289845715619	7.1519627682873965	7.045311276425606	6.879960582725126	7.398902638890365	7.978840858581672	7.0424868431762295	6.4097680856323676	5.914349374241512	7.1294911600483335	8.297782172156635	8.27041828218806	9.549754675566247	9.952518780858643	10.492061342357578	11.162915041483277	12.245964503932273	13.065334886125749	13.589318233335021	12.509561391303485	11.586969106674191	11.141805055405614	10.215894708724774	10.333248245372145	10.262625158139475	11.385046661723694	11.359146256429701	12.478336891655623	13.8066800309546	14.125533806476788	14.474495532841035	13.274396928305608	13.873601757836777	14.731962204910209	15.599244117114164	16.386658999060177	15.513602722334078	14.701551795444956	13.925759546475891	13.251510961300598	12.395140708121284	13.329468161373562	13.795746393953406	14.282481186135843	13.265234361095933	14.046984650921827	14.648202063699769	13.640424841998643	14.400137798464678	15.672783970372766
4.51465678030833	5.068966811021971	6.039435260021355	6.885135391479319	6.300694765068212	5.381164047405663	4.2157293807003775	3.4188194770985807	3.010651769936746	2.492390026353443	1.5259999999999996	0	1.5259999999999994	2.492390026353443	2.810562598996621	4.1658878713151575	4.3890220132998845	4.028543491284276	2.6130970806330733	1.9270765143793211	2.540200141107815	2.517453786444835	3.866021062006007	4.207219790238006	3.58814880871044	4.487491138590324	5.889941520412369	6.940186164853231	6.981717072882026	5.7688917043444405	5.786960066852882	7.147012256438678	7.348971130441417	7.201993017611021	7.979283138134933	8.521811876410222	7.526535275902972	6.622076550476475	6.154293214190388	7.478628751640232	8.437128637032748	8.202738224109023	9.328755519385952	9.582074780324222	10.24452949067131	10.78865973350836	11.755995065711076	12.484399160098965	13.115587965025886	12.133189960347652	11.29977441126417	10.719656224524536	9.659164553182448	9.603347077520104	9.598723624581163	10.848310168303959	10.962606131134315	12.195590396261764	13.42900761687568	13.685832816127235	14.154969102959198	13.053702628387185	13.776350789635687	14.723162680232079	15.678718859910813	16.552104805639253	15.76652471093464	14.871340108900279	14.191669305561918	13.423447429627304	12.670605089396114	13.725355458722037	14.279862941279543	14.669340229928226	13.54497893483553	14.217667403700705	14.894537798644512	13.976378899594769	14.773389821154822	16.110663412553276
4.769918626220874	5.121451978428762	6.335297025480173	7.022427887629519	6.4169780656497695	5.213313553014625	4.142594471816278	2.890234976824114	2.5622187542023456	2.880995074719612	2.4923900263534433	1.5259999999999994	0	1.5259999999999994	2.4923900263534438	3.8327301672974485	4.195184375650452	4.3709824566492586	3.298720335408925	2.1888030479733995	1.813877695924542	1.8373966828669002	2.7728814192338294	2.7560450836713	2.15705232230126	3.0998675402772666	4.47879131258753	5.588191452634296	5.635533241395219	4.5448349739968705	4.823912220285981	6.269447015670231	6.562279273259557	6.243636744553683	7.1472351278304105	7.560409716515097	6.510178735717482	5.438595883693127	5.099146868372507	6.519939294198148	7.3224431909463075	7.090732785176304	8.114717118340373	8.435913944090913	9.248509212077453	9.87073384234619	10.734330087693483	11.547047865822007	12.294928722646848	11.41982788664116	10.504808076726505	9.779361061398285	8.778317162751666	8.587497492745939	8.417663362443077	9.661912618581939	9.905767752649178	11.124478311147087	12.329695410920431	12.685390589710257	13.258685769998573	12.23162058871376	13.067899549880407	13.960442762843574	15.014393885594618	15.84929515216731	15.04301936660776	14.043614039940685	13.342421575659282	12.456439506727733	11.696310450314357	12.7822169203201	13.461849150368817	13.864545710097048	12.721128036967416	13.406404708521027	14.208408442347956	13.409507653740183	14.329973062999343	15.654786892440596
5.539514524795713	5.488338096268595	6.592703026553853	6.96415478395612	6.080713007235131	4.79119944398888	4.134964426351439	2.830741725443301	1.8370236649867122	2.5168401360252513	2.9774708610685057	2.492390026353443	1.5259999999999994	0	1.5259999999999996	2.492390026353443	2.8603856603110827	3.4356773677087022	2.8452331836285545	1.9493053071307063	0.5988939681490222	1.0857279555821162	1.9712629496085323	2.319941223099761	2.656692808952167	3.6709784140181196	4.88715346404455	6.042709893718015	5.89128081768937	4.897290582646053	5.571628247827833	6.948104438646785	7.036372328804669	6.395136206055401	7.104955569112368	7.223555998748736	5.962211422907525	5.0423952179688865	5.127281194604316	6.630311354277853	7.4550117313219895	7.492731724929318	8.48230149480945	9.025376567903487	9.952009922694627	10.729396216881417	11.523399140138638	12.453038884699223	13.27338171776684	12.45910290125435	11.436972370845245	10.637864035945931	9.759163271843803	9.480850934427774	9.093438187934355	10.266074138591188	10.6161761698359	11.74135588567977	12.956607338105426	13.463563181470285	14.092478907422969	13.093697489423217	13.964300321670748	14.744993344383074	15.832609176755446	16.563470948032965	15.66095379980528	14.614329352838432	13.792289721780067	12.835591623551508	11.941703649905055	12.923074990750559	13.696666431648975	14.243090333108071	13.190316030473683	13.996731763925897	14.873604984840798	14.118465651570968	15.12113748402578	16.37842689461881
6.625901005041693	6.626705928143593	7.551600538843744	7.8999738133504485	6.861738747150852	5.7412778915516	5.2113385006612365	4.130586269536207	2.837723942344282	2.8558452371855485	3.4180912900527582	2.810562598996621	2.4923900263534438	1.5259999999999996	0	1.525999999999999	2.4923900263534424	2.933932546563311	2.418854664713273	2.4367243936149023	1.7007298862850189	0.8455587610716335	2.019664603817099	3.179754205097587	3.66651557582729	4.951459966625103	6.032315822888752	7.326285659448931	7.3086704833793394	6.393455009151787	7.036877076368901	8.442434976982142	8.54706896189988	7.906798651265635	8.553560698235245	8.599674722652292	7.26635262594961	6.4453982829618255	6.633852199014729	8.135997517244816	8.962415733956716	8.997813009683773	9.94103628871939	10.441284724488748	11.4002619622531	12.115454111786796	12.868878215139613	13.734565522300944	14.586670659865066	13.790837337767613	12.830587401122663	12.006954988197787	11.050611378804692	10.69416204166335	10.361105171891309	11.597235758127932	12.011429274205081	13.177182015132388	14.352251187558016	14.825571585611431	15.492269248850544	14.518184492961353	15.402748481626038	16.221601151915614	17.30833701363348	18.064778972842323	17.176137111015127	16.133358391885803	15.318182112512158	14.357028878573539	13.45834408047303	14.423953290208782	15.202313538351577	15.764742238332275	14.71545445802948	15.514115694718424	16.381240314935464	15.60767511181302	16.580969351129287	17.849453716640237
7.494732739578358	7.212896837831067	7.989068117167926	8.059389745273133	6.820146473125247	5.7562717773592444	5.628492832762918	4.695698962564264	3.21195447636019	3.3381023482883228	4.387286225363845	4.1658878713151575	3.8327301672974485	2.492390026353443	1.525999999999999	0	1.5259999999999991	2.492390026353443	2.8401484545335776	3.1929392287000264	2.4309898899523588	2.2225565237375777	2.7222696177439336	3.8991608367655153	4.795534342189174	5.962196448421766	6.9356581946435565	8.177163291683113	7.987023437280353	7.136973377960812	7.98350111446017	9.301751234070853	9.231699819297495	8.38908079737605	8.83171848022221	8.643878998781616	7.203108443103946	6.616455277753801	7.09888592480155	8.577406002717163	9.426245670877325	9.679415926494912	10.605630988577797	11.274563884996175	12.282572087552143	13.11934026243407	13.840381671074056	14.799448796495	15.683428949163659	14.915385466638375	13.868736235657513	13.018820759001951	12.168408656443237	11.786190417535858	11.30171115910923	12.45617224770861	12.91797684776622	13.991790926934108	15.181872584689716	15.773193755720172	16.459068743754763	15.492553087925272	16.38055893337654	17.10163489372436	18.19672712941576	18.858736184569892	17.885957418030543	16.82512773337518	15.90723954975973	14.914078202211991	13.904641241032225	14.75670946690502	15.588291959052011	16.275762201856292	15.321647340166717	16.224037672842478	17.131739349896787	16.380922777645825	17.406203763103733	18.608751953748232
6.863039465833581	6.339620943528496	6.929985867812086	6.817903866968554	5.480627938172077	4.539314005163969	4.69055081229434	4.076506256866072	2.5859595405283002	2.668408069693474	4.071146938407004	4.3890220132998845	4.195184375650452	2.8603856603110827	2.4923900263534424	1.5259999999999991	0	1.5259999999999994	2.4923900263534424	2.8203163876928046	2.4777690608677774	3.1016393117311885	3.8250179025923376	4.633867701039445	5.444841114125963	6.349790051402379	7.466292905966294	8.522386798307203	8.072636344101591	7.067517557366691	7.901423667981351	9.07503281938017	8.76146756090796	7.876710990545903	8.082038111976829	7.879977958895792	6.4705816820720585	6.16650342089792	6.655963369260062	8.036445592425872	9.054186960278296	9.491637217685112	10.551920814860585	11.34841339031827	12.247080787461343	13.193190993721174	14.02078276265446	15.061993828946264	15.850892912936882	14.996943697648485	13.870652662653548	13.133965954115117	12.393323813947388	12.169978707130195	11.64178823479461	12.686485659516004	13.014161832022731	13.98941538973929	15.267528470597872	15.912899117962484	16.490955009799098	15.438120816981716	16.224015727756164	16.864112790207543	17.886820085796003	18.468275273658683	17.41788662193488	16.425195537981455	15.421059218156454	14.506045275667043	13.403115294305694	14.141862307960462	14.903749793978218	15.682137181331413	14.827468704503751	15.826228382148935	16.675514953403646	15.861680406685869	16.864773563543523	18.00352726986136
6.413850193939833	6.009721362794951	6.372482233564145	6.397177819199823	5.090637004656244	4.478140459507667	4.486738590336837	4.238487515924481	2.8685905631904918	2.0890775673677213	3.4026950339327175	4.028543491284276	4.3709824566492586	3.4356773677087022	2.933932546563311	2.492390026353443	1.5259999999999994	0	1.525999999999999	2.492390026353443	2.9884874391429896	3.595557191816962	4.739844026243721	5.592258478430907	6.078525404927976	6.99782287012225	8.276518718258489	9.313099589309696	8.885828306031824	7.709686259472425	8.299055042548874	9.45316473979471	9.096865262895767	8.40593000877977	8.565545958903988	8.575265359830818	7.289874742336602	7.040263138261398	7.266065988772916	8.581123363963158	9.742574759422107	10.117787490395594	11.298298987729167	12.013213624691685	12.779602970824094	13.662991787128348	14.604258409955257	15.583820591608964	16.267930235386526	15.306772255990836	14.236625959471455	13.62431370435793	12.822907105960006	12.727427606622145	12.347012063378624	13.419764730512812	13.616142746988269	14.624688221827983	15.94733432638469	16.498304086918772	16.977008466089504	15.84317196512204	16.52948734137815	17.22411658723616	18.159888310985853	18.782155234908064	17.75214465969443	16.855469163833902	15.878609192820752	15.076817922096021	13.995199233903518	14.7302664319296	15.361163691651912	16.109012535239486	15.255708193024523	16.23604113507732	16.96903792972342	16.04163949615259	16.934614819435687	18.088620374866885
5.54601149058164	5.490279312805551	6.012226067752872	6.398202748871181	5.342564712537704	4.659681690112011	4.153755216271383	3.7788187082568294	2.5909173502350127	1.3500593048514944	2.110584673545583	2.6130970806330733	3.298720335408925	2.8452331836285545	2.418854664713273	2.8401484545335776	2.4923900263534424	1.525999999999999	0	1.5259999999999991	2.492390026353443	2.9019439287688598	4.335747537228597	5.136306828064892	5.264690525104763	6.234005880485885	7.596948252847546	8.664380750677699	8.398977829684782	7.160100578288219	7.529712186987202	8.763514752267596	8.578066562056705	8.100830346711373	8.469534647419135	8.712512474910195	7.521193325054335	7.032773316809733	6.978176498659752	8.317963961606457	9.459091939615385	9.618697380841114	10.815020079674555	11.36114064409249	12.073001081593922	12.828482454397152	13.802900794154253	14.681440165846738	15.328610833536258	14.335774740947153	13.36061335148153	12.78259330768251	11.87313212520424	11.810560341741544	11.58694143812176	12.736205851213708	12.884536088118763	13.98455754663958	15.28816716966072	15.716802828450877	16.17495722919753	15.033159883585103	15.711914077789414	16.511297433279967	17.436020011430482	18.159624071540296	17.21821527050502	16.34116466481168	15.471066962445718	14.70145048969601	13.732949422381699	14.585284699949678	15.164386907441836	15.782890600800455	14.829822390346083	15.702347093682382	16.390851880760916	15.43438225065314	16.267850628919977	17.4948782746236
4.389522790498722	4.337249591875377	5.157037569364167	5.635226283065012	4.756166482517381	3.7879963115096724	2.999671311002925	2.3389534285163807	1.3844650721319793	0.6957063499282458	1.336253969617248	1.9270765143793211	2.1888030479733995	1.9493053071307063	2.4367243936149023	3.1929392287000264	2.8203163876928046	2.492390026353443	1.5259999999999991	0	1.5259999999999991	2.4923900263534424	3.8388727819978925	4.206891536910587	4.164277759279885	4.907740714964553	6.336796213090755	7.287777710564114	6.957285933691636	5.668381718759616	6.017864560297636	7.241132947884777	7.079634661294398	6.630158386049682	7.099769335890293	7.434762270543658	6.314513214129587	5.705272391833436	5.516013526113376	6.859872378653489	7.982239648370981	8.103264159715517	9.31880827075174	9.867301503912365	10.558740857665914	11.342380266444607	12.33190602570783	13.245772755096011	13.881605549387515	12.891398223555399	11.878395255256954	11.304303645287597	10.44359077077661	10.425777771496525	10.173740318444173	11.281117577520682	11.391271988482496	12.4721691708502	13.789659796707284	14.23283816183461	14.677898029726006	13.533596390270697	14.22196767792285	15.004961294130707	15.949138343818072	16.668915776017833	15.733366851472097	14.835209758198348	13.98036551584495	13.198759187394668	12.258793388199923	13.15394830435966	13.743796875168504	14.323443568802894	13.340908179614491	14.197027596985954	14.909384491484609	13.985464236353927	14.85698954005964	16.09301093043402
5.267444556510485	5.106674542264422	6.1394107607502075	6.452570142569741	5.5195701575661325	4.257144701474541	3.672683437955019	2.4675765218977506	1.2835003627811692	2.0148459802482717	2.700819691058857	2.540200141107815	1.813877695924542	0.5988939681490222	1.7007298862850189	2.4309898899523588	2.4777690608677774	2.9884874391429896	2.492390026353443	1.5259999999999991	0	1.5259999999999991	2.4923900263534424	2.8105625989966203	3.1546229558201175	4.022443428326327	5.2925368364699	6.360138312140335	6.080451087918124	4.999616860659232	5.667808060292159	6.980573257721958	6.942514806622872	6.276226471901014	6.874316630068203	6.9903515936540055	5.723035659699276	4.9299053615296655	5.0227604195402415	6.5004788101509074	7.423519229296363	7.555150197662895	8.614825553287861	9.22016640691812	10.09698682131224	10.923584290521847	11.767183214369352	12.730049478552095	13.50776017764024	12.652037483172908	11.596623004465483	10.850760278147668	10.017255018304889	9.810582263218011	9.406642454073463	10.531494090548087	10.822901474244098	11.905963727255791	13.161245071872816	13.690906098601728	14.27249445757878	13.23276989718266	14.05633266867415	14.804971993778915	15.85962566828123	16.55784060568471	15.619005672571813	14.603018677409382	13.739400305520338	12.817095813472537	11.87573587809075	12.80729400138605	13.550394415457992	14.141220700830889	13.131056720821197	13.984203505748834	14.833566810584777	14.042782106033608	15.033380588028148	16.266596239379158
6.317442316711962	6.411103303039099	7.4702156408852085	7.903291564364309	6.983113928343274	5.770497979032491	5.094193019092134	3.8594591371355693	2.7935096867812024	3.0561245128188133	3.3649968430754504	2.517453786444835	1.8373966828669002	1.0857279555821162	0.8455587610716335	2.2225565237375777	3.1016393117311885	3.595557191816962	2.9019439287688598	2.4923900263534424	1.5259999999999991	0	1.525999999999999	2.4923900263534424	2.8301797161839204	4.149461317462354	5.22869857206986	6.539067884664375	6.5998925503763886	5.72064958409652	6.335490870928661	7.776740426379047	7.9880708568176795	7.399534217079946	8.167475805274659	8.27472112250861	6.993180570518546	6.031905738135744	6.133418954819878	7.642505323200055	8.393956783733804	8.33198488839775	9.23828389236354	9.679323581389585	10.65105893388213	11.330618068210603	12.06427915523899	12.911107193948562	13.777030999233789	13.002961845140806	12.060926008347685	11.213434886287558	10.237482440104724	9.859769280562368	9.546090320841643	10.803451100174644	11.229609540425441	12.42202673493078	13.576308209254194	14.025832629156266	14.709743405017088	13.757953960931209	14.669583375842942	15.510996513842409	16.61906867653601	17.40261387229815	16.548786370434946	15.486899212197105	14.715685031555944	13.73845372907314	12.893721214499257	13.91421419812756	14.703137235068482	15.209196402951617	14.116551512842983	14.867683511761802	15.750643068442365	15.007470382172105	15.991180608059764	17.280814936628964
7.331996970245649	7.347285569600966	8.523775206702275	8.851728871744559	7.932733532834429	6.580254510880518	6.031991820961247	4.627591005497934	3.7080891768712787	4.384194927646219	4.777282942304119	3.866021062006007	2.7728814192338294	1.9712629496085323	2.019664603817099	2.7222696177439336	3.8250179025923376	4.739844026243721	4.335747537228597	3.8388727819978925	2.4923900263534424	1.525999999999999	0	1.5259999999999994	2.4923900263534433	3.8270909626127114	4.515209688016262	5.918930964529642	6.100180940885978	5.550439405018834	6.400780706436516	7.841024308617563	8.17335925883146	7.444605343185861	8.305242627212484	8.230655605768085	6.90796603141046	5.821299022259091	6.154385041137317	7.671540133134129	8.178875169557637	8.09941122470487	8.792394569431357	9.252416946837613	10.388116839989799	11.079096048521361	11.640337102813092	12.51170866355492	13.511453415009932	12.888655081238404	11.930691577297685	10.926812254849214	9.994699861697214	9.418389888424874	8.960486957362539	10.215954593577138	10.831138081777096	12.00909777962783	13.069956720248006	13.592020335713022	14.408685489649645	13.580141357465237	14.612489430738227	15.41522045851827	16.617151911266692	17.37760954923254	16.53684752862142	15.375331093133212	14.616234644783798	13.519608103545043	12.702016902182201	13.748839314058033	14.66783797443991	15.16595595473604	14.055982878467908	14.782869621894804	15.782980524845213	15.174698334354273	16.253822975176373	17.530969213357327
6.854949818292208	6.854126789301623	8.181069352523771	8.521247191328188	7.78412723615345	6.325188392737912	5.711060211405137	4.195224877100133	3.7512156632698264	4.788898766195096	5.045094840267635	4.207219790238006	2.7560450836713	2.319941223099761	3.179754205097587	3.8991608367655153	4.633867701039445	5.592258478430907	5.136306828064892	4.206891536910587	2.8105625989966203	2.4923900263534424	1.5259999999999994	0	1.5259999999999987	2.492390026353443	3.089206846367908	4.431539126147775	4.5913657353155894	4.16764043212609	5.121936545615201	6.5257303001258995	6.946183226357105	6.211957357974054	7.205615315046828	7.163199334093833	5.9548798114195005	4.6867630008560806	4.963967505711022	6.439940721373213	6.796117512606924	6.6527698845800645	7.282244413545815	7.756474452889289	8.92679957903069	9.658709146944213	10.193696135783073	11.123235168476215	12.138440005513937	11.552756909603383	10.546664038668817	9.506495565434394	8.651248688709863	8.07205226942739	7.519875564874197	8.731579803728549	9.35672089468497	10.508147289458476	11.569455119005339	12.132515115016247	12.960625428017611	12.155655003315362	13.219432396444144	13.987011963855702	15.220661722614665	15.963398175131353	15.13192760096852	13.935803690024866	13.196850861960458	12.066493785779295	11.290222419071497	12.380107687268397	13.330758708684836	13.784927692545667	12.651843093986693	13.353704357316103	14.39708142450272	13.856102926823107	14.982644988784852	16.249934987630674
6.075910914363914	6.381450682752619	7.788060997042192	8.382169507636474	7.865190473607008	6.471854394691677	5.5316029350558305	4.056375750786046	3.9909544700439232	4.827623878507587	4.612830524070423	3.58814880871044	2.15705232230126	2.656692808952167	3.66651557582729	4.795534342189174	5.444841114125963	6.078525404927976	5.264690525104763	4.164277759279885	3.1546229558201175	2.8301797161839204	2.4923900263534433	1.5259999999999987	0	1.5259999999999987	2.4923900263534424	3.8409233378098313	4.2484732097096725	3.6732003353273837	4.215709853405912	5.717395770788456	6.35300294517005	5.943814831302579	7.119197500801961	7.3881798404393395	6.388562688816442	5.011017397421897	4.8169221230859165	6.215271593266845	6.577716821209374	6.146167010440558	6.839443190180699	7.071710096064162	8.123320016715304	8.700905424879199	9.326362055238	10.14447950106727	11.085976356895378	10.426847726498575	9.518577545918209	8.548709687961924	7.551766437242315	7.063197220418351	6.749745151292869	8.060412679744577	8.560030779982919	9.822331903056838	10.891199269867467	11.29531742764639	12.060512054804287	11.212895406048267	12.242097049177849	13.125194000927019	14.324016901393769	15.171268996874957	14.430616758565606	13.286013538727516	12.663737344503817	11.612825121076396	10.966362311141292	12.159275414756824	13.003422911663947	13.318090881553449	12.094852508640606	12.680647203253843	13.644854005826987	13.052623528150434	14.098183832438854	15.43177074413215
5.726813599892571	5.9961001104848775	7.495709306535908	8.085175305294205	7.790807019458291	6.382609758603918	5.427924245412639	4.030848561821204	4.477447481340597	5.511978545049067	5.239353519381643	4.487491138590324	3.0998675402772666	3.6709784140181196	4.951459966625103	5.962196448421766	6.349790051402379	6.99782287012225	6.234005880485885	4.907740714964553	4.022443428326327	4.149461317462354	3.8270909626127114	2.492390026353443	1.5259999999999987	0	1.5259999999999991	2.4923900263534424	2.8203163876928032	2.304472733129194	2.84987351149616	4.30443765902427	5.065840820043747	4.73791733128294	6.061020055103111	6.436496021510553	5.670205446989078	4.19440690390499	3.767900544931488	5.012315333251747	5.2123328166157785	4.653220492900296	5.339969388576582	5.577860561252256	6.619801798871551	7.269891188384054	7.929642319929106	8.838595895280983	9.756017386468818	9.094863480139825	8.104238951955368	7.132446157573164	6.244311256350772	5.843805081632478	5.434342496558733	6.668455092490792	7.099820247792628	8.328644756127664	9.440511150903589	9.887509875395633	10.622926003069248	9.760523899307517	10.797711396704235	11.638580095063114	12.855850082343336	13.679696824854966	12.93828914290893	11.774099767439626	11.168107729794343	10.107855247077147	9.50765278595286	10.74406647229826	11.589404855669697	11.853094183634644	10.607885408962153	11.173906259511854	12.165886617056879	11.624863217417175	12.713431240449852	14.033529380672183
7.131253651736587	7.369892940592822	8.883113464570897	9.404933286524718	9.127428809267155	7.681170240301949	6.84009145179792	5.442204481066115	5.8317118039112605	6.943717558408626	6.736661114673918	5.889941520412369	4.47879131258753	4.88715346404455	6.032315822888752	6.9356581946435565	7.466292905966294	8.276518718258489	7.596948252847546	6.336796213090755	5.2925368364699	5.22869857206986	4.515209688016262	3.089206846367908	2.4923900263534424	1.5259999999999991	0	1.5259999999999987	2.4923900263534415	2.8603856603110827	3.507670911248964	4.716180588761596	5.68116529903503	5.314389634987106	6.707466183900631	6.93208036791735	6.258206036436403	4.732767224257603	4.5076085194881506	5.550134154187301	5.323518197215895	4.609465946470888	4.847355714171012	4.961057220813283	6.223784208930851	6.798437951659097	7.1833512834649005	8.080582430019797	9.172865391282006	8.736595906099321	7.786974951573263	6.601948561267747	5.763379989337574	5.041712951245861	4.448482425457421	5.729602871234129	6.443054343186428	7.6836596270220205	8.632293763238698	9.122270523211826	10.034419970617037	9.361768057685422	10.552087764623	11.368389032289736	12.689021764184417	13.511356306422273	12.83886267992033	11.57210240229968	11.048671889107364	9.867234549359635	9.387232307152287	10.68161187553604	11.645938547001139	11.83122663580653	10.548050063775472	11.012672566802046	12.122250404662749	11.764276223429563	12.926856031670576	14.229528054036466
