0	1.526	2.492390026353444	2.772725419281662	4.1837282184247755	4.522126887024535	4.384923855991299	3.0840224911073593	3.7710898140676186	3.2205780958509496	4.620203098865908	5.502031536486753	6.910234659578616	7.9608093944279235	7.857299209122202	6.653023675267358	7.075063140835302	6.228490961081024	5.021000418661654	5.786381974240594	5.1268437165734575	4.162957762170403	5.218229850580071	4.9915851637510595	4.685801016576147	5.130257999531273	6.604333562787995	7.397966524211485	7.0546710279141305	5.754509119886158	4.591762312515107	4.900450748560715	6.252171082593546	6.898635324918441	7.390336709028731	8.231084270907356	9.495170086444631	9.30123655061031	10.720682073219072	10.84823094695683	12.323564230855327	13.22362721822173	12.951257967932293	11.71410574853742	11.914043695385756	12.406894788718471	11.565247183615641	12.36524841465857	13.688958833203003	13.550225084319996
1.526	0	1.526	2.492390026353444	3.8388727819978956	4.195101537522371	3.675675632178888	2.2003795662033547	2.6557733552887486	2.1968225050979564	3.603650643736771	4.196588119678286	5.674269447918549	6.589008150746275	6.417339100169569	5.161285023499851	5.6107066715139915	4.811305370112815	3.716876795250398	4.681001571395642	4.361175471074294	3.464946882419854	4.433376268312614	4.426674453769534	4.5962323578804325	5.264142623907612	6.591049864811575	7.561815075161598	7.2151989343278515	6.107302654049645	4.748986696389551	4.631384765182556	5.82032313658789	6.1808063537879985	6.75887802660793	7.820057639039843	8.992768066439819	8.691833275208628	10.085593902714775	10.12914715555613	11.613082223029	12.465731522239725	12.286960828442728	11.011520794278859	11.042116686834591	11.458640164121663	10.661442681437288	11.413411359436534	12.804338045258861	12.811333601651638
2.492390026353444	1.526	0	1.5259999999999998	2.492390026353444	2.791400162843884	2.3167917266782605	1.1150047527429516	2.2876011085354677	2.7666442191652885	4.191978680131908	4.532000277966045	6.048052798076464	6.737069770407761	6.596710841169792	5.228223632603684	5.660527016261375	4.698010491239841	3.993939785810357	5.283106982044271	5.30030368663638	4.687315813815755	5.645018073214204	5.758981256206845	6.085886104697198	6.7166515453655435	8.003258929715557	8.928372361004698	8.443153719830063	7.3169757361896846	6.0322068358862655	5.702640058601615	6.892433351313872	7.002069182543289	7.384234262547886	8.561038063209589	9.770528193971113	9.572777591355504	10.986223058397465	11.08582202226125	12.583186757517609	13.32228610292884	13.120230764257908	11.768102194870224	11.652582203983938	12.114224528015162	11.456202124620043	12.232812767253865	13.668758521979427	13.775982143016131
2.772725419281662	2.492390026353444	1.5259999999999998	0	1.5259999999999998	2.4923900263534438	2.891429111751122	2.3437275104562616	3.757764260934253	4.225758296680203	5.6870146611782655	6.018649505156283	7.541070757277834	8.164659194850072	7.8970730034729595	6.4519331456568185	6.625409619439277	5.4195700902071815	4.696574278541341	5.912017133913874	5.796065835358639	5.424485869098065	6.62517246988794	6.85966489989066	6.965276097108297	7.651376111650566	9.037566901618293	9.951636647749966	9.535019956466364	8.300959555885266	7.0722865522243525	6.972204436907046	8.22785993117619	8.457201785342328	8.846901579679525	9.963389376894803	11.208724732073163	11.015632212384377	12.430486815761503	12.501999704084113	13.991069188818086	14.780200566219804	14.589428797850601	13.254048764235849	13.166588510000965	13.609139305625755	12.91015233608968	13.641422934067865	15.077757870431517	15.176842733200527
4.1837282184247755	3.8388727819978956	2.492390026353444	1.5259999999999998	0	1.5259999999999998	2.4923900263534438	2.820316387692806	4.288136153782384	5.173838071864208	6.563779907419287	6.756315314145959	8.23426485394539	8.688321148396248	8.476796761852198	7.028644917626598	7.201007052445886	5.967602252929714	5.595022847006488	6.9469016503196155	7.055601822934336	6.793838360658507	7.931227143149805	8.190109710096852	8.407714012184952	9.047922474883856	10.404465261055329	11.278013206966138	10.749022768795438	9.51189203551014	8.337109339365435	8.089473689727118	9.339648748172916	9.401243139725839	9.635872280765787	10.811275600863901	12.076417890296566	11.974615068708612	13.400288966444625	13.528579858250131	15.025086957664415	15.715584961392077	15.494740191531333	14.103619375429384	13.909049780753538	14.396669260169556	13.818082398628848	14.577341073824403	16.03873333385506	16.207814566262172
4.522126887024535	4.195101537522371	2.791400162843884	2.4923900263534438	1.5259999999999998	0	1.5259999999999996	2.4923900263534433	3.836905667609779	4.964345744481175	6.28183796144908	6.601339191248899	7.995481094789712	8.505129779299153	8.558883584471987	7.230822697177621	7.6902668419407005	6.662020775199799	6.381551656652246	7.801514819246136	7.957000227605614	7.466479784195404	8.421335259934384	8.453464361204812	8.731125581933812	9.155729278170298	10.4645779063745	11.193079208395014	10.471481323995445	9.234535838400236	8.191153686518279	7.7987938118417794	9.082968685997608	9.043751559091557	9.041133869805341	10.182636013883073	11.503330620122982	11.578925781806582	13.040223118024139	13.327981140078228	14.84188827604299	15.412635339846778	15.06742152557825	13.624611070023887	13.426518429301044	14.052821086826969	13.605025454703012	14.49159513929413	15.92909404437384	16.05795917518092
4.384923855991299	3.675675632178888	2.3167917266782605	2.891429111751122	2.4923900263534438	1.5259999999999996	0	1.526	2.4923900263534438	3.8310126696859172	4.983692939649477	5.230603646338515	6.562091721794761	7.066724783578887	7.245175177564523	6.014911474987241	6.684020575004853	5.880028553407746	5.693060504589261	7.143751658122732	7.435540548048371	6.82540150767174	7.560405371061893	7.525564349132191	8.004753361483598	8.396370672946437	9.585385091998653	10.33028694144755	9.56220961624663	8.453459771750284	7.370444138230417	6.749094470444048	7.926210130792399	7.726875193569809	7.694541732417888	8.913043018967382	10.179090960518735	10.244944053527158	11.68626074793907	11.987378581554543	13.494243205683874	14.006815032126978	13.667702803525097	12.211440441152934	11.957088630750233	12.588142400999192	12.194952575743258	13.106395651453223	14.542044362037842	14.701289909558446
3.0840224911073593	2.2003795662033547	1.1150047527429516	2.3437275104562616	2.820316387692806	2.4923900263534433	1.526	0	1.5259999999999996	2.4923900263534433	3.8369056676097775	4.254344688140615	5.700358316645464	6.410642878751628	6.507137330059279	5.251713566951332	5.936025986811024	5.165856339137935	4.662733234390592	6.002467157888837	6.1307215676019045	5.385804237716873	6.126565197167498	6.0543334350578215	6.486000331302253	6.928150922428858	8.143125916004424	8.955173061251026	8.297339458720934	7.194898067360954	6.008590698708682	5.478457388581274	6.679333048200711	6.643190940420531	6.816568011978817	8.012771126918434	9.264841706574943	9.206415356683122	10.650667205925764	10.876800204955858	12.389660305446487	13.018014170920718	12.725702920810265	11.319505384306199	11.1712019607088	11.740027366523538	11.2036086139845	12.081156176480357	13.506551655851096	13.605059629285185
3.7710898140676186	2.6557733552887486	2.2876011085354677	3.757764260934253	4.288136153782384	3.836905667609779	2.4923900263534438	1.5259999999999996	0	1.5259999999999996	2.4923900263534424	2.9125354653954405	4.271454489675894	5.075115589832183	5.391809637218459	4.350089816928078	5.35515060641823	4.974064365509071	4.578357242577834	5.824860809540553	6.081384064679351	5.1732236700628755	5.537441604862463	5.310548547301541	6.0003962914237965	6.344588831555248	7.364684439551124	8.165001593245172	7.444249807316505	6.537153730348506	5.349208514059253	4.4935313939571	5.523278036592455	5.274806377565627	5.415458221818771	6.702695677386347	7.886505911283826	7.821055235451343	9.249646761216574	9.509422987506433	11.019653352330279	11.579837447431416	11.278940544182163	9.855540097912096	9.66392084284891	10.25429760291788	9.777119316567383	10.705583813828834	12.12145367121343	12.233759728079663
3.2205780958509496	2.1968225050979564	2.7666442191652885	4.225758296680203	5.173838071864208	4.964345744481175	3.8310126696859172	2.4923900263534433	1.5259999999999996	0	1.5259999999999991	2.4923900263534438	3.8388727819978934	4.964367659040957	5.228339136057431	4.315560893714946	5.315378888440906	5.074819846741495	4.3255721269897425	5.2651591913321285	5.256445998614443	4.092166925847286	4.3138701270562665	3.873434273127514	4.511538498916269	4.829992094902957	5.85408870872848	6.705685239401579	6.098233331420079	5.22777882474045	3.928707937968813	3.1513950896656953	4.22148073826355	4.251581703465543	4.667165019019359	5.85277651896249	7.015380829096669	6.819408458103699	8.254882083235453	8.456668235137082	9.973686188633073	10.667001223681028	10.39077318170095	9.039528371844819	9.019263276273136	9.559979286267293	8.914205464385253	9.827352171325614	11.205523911139597	11.207357233220716
4.620203098865908	3.603650643736771	4.191978680131908	5.6870146611782655	6.563779907419287	6.28183796144908	4.983692939649477	3.8369056676097775	2.4923900263534424	1.5259999999999991	0	1.526	2.492390026353443	3.827090962612711	4.3516371712735245	3.8574863328679827	5.111257631225525	5.317933560517761	4.759249958630117	5.482573419087511	5.629330702824921	4.435527554449853	4.114481953249312	3.499718662006003	4.49406523039693	4.689361573878801	5.347375795884513	6.190787378499332	5.566611275188838	5.0558155226228765	3.8397470237353484	2.612555268703169	3.2069920102325744	2.865998928773696	3.3960516876304885	4.716707084157584	5.719856448356451	5.436804658764454	6.8409747368711695	7.047673195031307	8.563857507761004	9.19485674732099	8.93830149948574	7.576907764795194	7.505468211647006	8.038657568773619	7.43313585810898	8.395007554506952	9.766378526719553	9.792900770095642
5.502031536486753	4.196588119678286	4.532000277966045	6.018649505156283	6.756315314145959	6.601339191248899	5.230603646338515	4.254344688140615	2.9125354653954405	2.4923900263534438	1.526	0	1.525999999999999	2.4923900263534424	2.870645894062016	2.422185928359249	3.809201924562775	4.283503725690607	4.090066708177145	4.836629016906457	5.380296310153963	4.510437869939127	4.080743075259159	3.9517702029953607	5.237325873448492	5.730879275057381	6.23856264350416	7.247970937187179	6.786633640815192	6.44133706438706	5.174801480644681	3.9667721047503957	4.168078371585721	3.4512401836193214	4.1319176540591585	5.588288397621261	6.316904150713635	5.820562810402828	7.052609613432013	7.0403985184680655	8.493924202758723	9.084775567200289	9.028897804715294	7.6900713105250285	7.3417598116950025	7.670351015746838	7.105649325065199	7.904301441249716	9.3646073705082	9.626910073429052
6.910234659578616	5.674269447918549	6.048052798076464	7.541070757277834	8.23426485394539	7.995481094789712	6.562091721794761	5.700358316645464	4.271454489675894	3.8388727819978934	2.492390026353443	1.525999999999999	0	1.525999999999999	2.492390026353443	2.9125354653954405	4.354774696311649	5.238981341140894	5.237806562075313	5.732339828271335	6.351231694000238	5.5174988813815675	4.709427058292902	4.46617605658767	5.876523080953247	6.2172261603814585	6.365786867877086	7.287257759894518	6.833167800643386	6.814514504050721	5.7294586206850155	4.3722508326254514	4.056185417818497	2.9032238051446813	3.5869980549008216	5.032161287251952	5.442296800452264	4.841893541750217	5.919976843422411	5.887008314493894	7.287538671841847	7.753454031914705	7.747904514260522	6.418948059695969	5.923775929735656	6.20707284254279	5.749445813701644	6.5896673731384485	8.042968783795303	8.379569330134892
7.9608093944279235	6.589008150746275	6.737069770407761	8.164659194850072	8.688321148396248	8.505129779299153	7.066724783578887	6.410642878751628	5.075115589832183	4.964367659040957	3.827090962612711	2.4923900263534424	1.525999999999999	0	1.5259999999999991	2.492390026353443	3.8369056676097775	4.981684974892357	5.4059785910751055	5.904526407647045	6.833399952422707	6.302571663803857	5.534596297248287	5.626041982674473	7.104011060273511	7.605246754649986	7.715815410598631	8.702612843314016	8.318461897965214	8.334654732747607	7.21862825967444	5.89033276587611	5.530707644629726	4.317774617116583	4.900461559887815	6.323630561970775	6.54414877913939	5.883360587234952	6.725715121231387	6.527252243336857	7.772463726209445	8.118840926713448	8.292861029742584	7.03444212032991	6.235607458100945	6.3021595299106234	6.003801123045718	6.629104076727745	8.114964421042062	8.713207303389565
7.857299209122202	6.417339100169569	6.596710841169792	7.8970730034729595	8.476796761852198	8.558883584471987	7.245175177564523	6.507137330059279	5.391809637218459	5.228339136057431	4.3516371712735245	2.870645894062016	2.492390026353443	1.5259999999999991	0	1.5259999999999991	2.492390026353443	3.8409233378098326	4.408038109684041	4.739660582368407	5.85332906962219	5.626728560024176	4.938215787606216	5.437897937209786	6.928225907890432	7.713958840675705	7.896334677131633	9.075748377264826	8.90628362799079	8.861387459476738	7.592408363647479	6.4542206788694845	6.15468492840301	5.195228868692499	6.056972711330079	7.4558358643374145	7.677654184340569	6.82245095874139	7.594931402189218	7.13286546104772	8.316246047958469	8.8469532655754	9.215541579424523	8.077416875358331	7.321246053621369	7.140621808680763	6.623380734610468	6.958607776047289	8.480270001727776	9.175002952753125
6.653023675267358	5.161285023499851	5.228223632603684	6.4519331456568185	7.028644917626598	7.230822697177621	6.014911474987241	5.251713566951332	4.350089816928078	4.315560893714946	3.8574863328679827	2.422185928359249	2.9125354653954405	2.492390026353443	1.5259999999999991	0	1.525999999999999	2.492390026353443	3.055398482930602	3.7308559436860125	4.884386497954138	4.721841816346146	4.427887718791474	5.07559378792507	6.4398373920016665	7.3519798397873295	7.822158962637891	9.05806926788396	8.865745800353087	8.56793809773474	7.18196215782994	6.174198888267902	6.226066290382201	5.506333864445183	6.355894047003794	7.805387076539449	8.292344568197668	7.539556906289467	8.506183602704203	8.129823141379266	9.414280250763294	10.043911604337083	10.310740790335343	9.106553114472542	8.493831398360735	8.44595640459588	7.848385171734205	8.25083126673709	9.776355629854212	10.354738420059785
7.075063140835302	5.6107066715139915	5.660527016261375	6.625409619439277	7.201007052445886	7.6902668419407005	6.684020575004853	5.936025986811024	5.35515060641823	5.315378888440906	5.111257631225525	3.809201924562775	4.354774696311649	3.8369056676097775	2.492390026353443	1.525999999999999	0	1.525999999999999	2.4923900263534433	2.923199679036583	4.350766131244659	4.678312392602098	4.59336477663491	5.6235317907456	6.882924594640034	8.018897728388412	8.532198667803543	9.886977302705334	9.872747245766421	9.541405761220206	8.084716534450875	7.271835044909625	7.345505426219683	6.79057305986872	7.767437010552193	9.174923905343256	9.624356789319668	8.752192109491283	9.632115835713998	9.077192586243036	10.276115575392497	11.008745163769172	11.421430808152307	10.313056044480616	9.697486763292448	9.477530738314433	8.773264108271192	8.95339878231929	10.46510176065267	11.125827781417513
6.228490961081024	4.811305370112815	4.698010491239841	5.4195700902071815	5.967602252929714	6.662020775199799	5.880028553407746	5.165856339137935	4.974064365509071	5.074819846741495	5.317933560517761	4.283503725690607	5.238981341140894	4.981684974892357	3.8409233378098326	2.492390026353443	1.525999999999999	0	1.5259999999999991	2.4923900263534433	3.838872781997894	4.328317310069103	4.746706489762925	5.833269766563659	6.859872478670825	8.066050792724987	8.82295254740948	10.180556884671649	10.147054092519472	9.59873989038952	8.093859719689153	7.453546827127607	7.813591548987658	7.460107248124574	8.381858771615228	9.783957056885226	10.423859952771085	9.649453664516633	10.661230697955675	10.189390949213303	11.457717210335456	12.248104194394294	12.571645031270155	11.412965402052627	10.899439692654413	10.78801634745183	10.045404352500395	10.297055511650077	11.806460646758614	12.370771214037608
5.021000418661654	3.716876795250398	3.993939785810357	4.696574278541341	5.595022847006488	6.381551656652246	5.693060504589261	4.662733234390592	4.578357242577834	4.3255721269897425	4.759249958630117	4.090066708177145	5.237806562075313	5.4059785910751055	4.408038109684041	3.055398482930602	2.4923900263534433	1.5259999999999991	0	1.5259999999999991	2.4923900263534433	2.891429111751121	3.5954974105103226	4.7041531904127645	5.540008311885404	6.809422551010354	7.679547870054719	9.052477567280013	9.101879332372798	8.476292536439072	6.951853859597593	6.533016918487418	7.007736955573596	6.938306067895406	7.954859564670449	9.249143231759025	9.974342016465782	9.195447924932905	10.275638078190276	9.82806838561697	11.142369877645853	12.058449505875219	12.3198818857876	11.183734171187453	10.871425454811922	10.819730538688258	9.934713324642798	10.245698300120457	11.723780054737992	12.118797961932549
5.786381974240594	4.681001571395642	5.283106982044271	5.912017133913874	6.9469016503196155	7.801514819246136	7.143751658122732	6.002467157888837	5.824860809540553	5.2651591913321285	5.482573419087511	4.836629016906457	5.732339828271335	5.904526407647045	4.739660582368407	3.7308559436860125	2.923199679036583	2.4923900263534433	1.5259999999999991	0	1.525999999999999	2.492390026353442	2.999549024411444	4.41720704148038	5.201813575452477	6.626416886093399	7.332701455439845	8.803167870047446	9.10322117190644	8.634511926450527	7.12841915655711	6.866936067684608	7.123021144933545	7.182240505727418	8.400913742166146	9.586514035739512	10.156921372671432	9.194380619286171	10.130495171252912	9.489214407942972	10.699529571401689	11.744102605389035	12.148494538651455	11.1539442103758	10.905408489148112	10.68177020472137	9.642571285621967	9.769242981029816	11.19391742220645	11.591546258291027
5.1268437165734575	4.361175471074294	5.30030368663638	5.796065835358639	7.055601822934336	7.957000227605614	7.435540548048371	6.1307215676019045	6.081384064679351	5.256445998614443	5.629330702824921	5.380296310153963	6.351231694000238	6.833399952422707	5.85332906962219	4.884386497954138	4.350766131244659	3.838872781997894	2.4923900263534433	1.525999999999999	0	1.525999999999999	2.492390026353442	3.8369056676097757	4.209141443492235	5.7039904691928776	6.5205668332374165	7.980912728319023	8.411354711524677	7.872271438173116	6.408034438395108	6.46793203475549	6.826092364675348	7.20923427456489	8.46812188231314	9.493160957478365	10.131625719709847	9.190307487112284	10.163503483637989	9.559274101966146	10.778741332009233	11.93462086498026	12.27095220250633	11.324240052669392	11.27994775029479	11.118656891432433	9.967855112568278	10.144353184745613	11.497836600667522	11.712518063525051
4.162957762170403	3.464946882419854	4.687315813815755	5.424485869098065	6.793838360658507	7.466479784195404	6.82540150767174	5.385804237716873	5.1732236700628755	4.092166925847286	4.435527554449853	4.510437869939127	5.5174988813815675	6.302571663803857	5.626728560024176	4.721841816346146	4.678312392602098	4.328317310069103	2.891429111751121	2.492390026353442	1.525999999999999	0	1.525999999999999	2.492390026353442	2.8401484545335776	4.274542491045151	5.193510657302313	6.607023071511583	6.937842581323914	6.35924700481213	4.885252126721949	4.978717387752405	5.4223908023887954	5.942375739340981	7.163394140391406	8.11561698145749	8.837485777060383	7.993749071999504	9.069842056099766	8.625443775427234	9.931405565027825	11.063479229446056	11.249951683411615	10.252824718757331	10.327833319303071	10.322669611161803	9.19119876026693	9.559737378812738	10.897903742403784	10.966848273184459
5.218229850580071	4.433376268312614	5.645018073214204	6.62517246988794	7.931227143149805	8.421335259934384	7.560405371061893	6.126565197167498	5.537441604862463	4.3138701270562665	4.114481953249312	4.080743075259159	4.709427058292902	5.534596297248287	4.938215787606216	4.427887718791474	4.59336477663491	4.746706489762925	3.5954974105103226	2.999549024411444	2.492390026353442	1.525999999999999	0	1.5259999999999987	2.4923900263534424	3.8405951475265963	4.353848463698815	5.841997282898455	6.25921695467965	6.002074005631955	4.593921321969022	4.486624836429718	4.509759359729682	4.946816665469371	6.326300477932684	7.226710919906073	7.745961306955184	6.749661991039051	7.71205768974635	7.165702909441703	8.437827393134485	9.593757072713348	9.850809894098374	8.923062424230597	9.006833330375509	8.916809692694702	7.729177269112438	8.061442738762294	9.381588179703455	9.451893725942455
4.9915851637510595	4.426674453769534	5.758981256206845	6.85966489989066	8.190109710096852	8.453464361204812	7.525564349132191	6.0543334350578215	5.310548547301541	3.873434273127514	3.499718662006003	3.9517702029953607	4.46617605658767	5.626041982674473	5.437897937209786	5.07559378792507	5.6235317907456	5.833269766563659	4.7041531904127645	4.41720704148038	3.8369056676097757	2.492390026353442	1.5259999999999987	0	1.5259999999999994	2.4923900263534424	2.9995490244114436	4.423101964722541	4.740122386646376	4.528842340511693	3.17658493338337	3.1209762125257674	3.1191628408403616	3.8550024571657473	5.197113530722142	5.924890283287956	6.521736966942434	5.643424480297817	6.721855644807463	6.395501331135789	7.74822286932412	8.875631418529071	8.939419065158257	7.978715156632023	8.253633930542165	8.357781713984204	7.199189133567646	7.762621298538073	9.010517475868431	8.872874365596463
4.685801016576147	4.5962323578804325	6.085886104697198	6.965276097108297	8.407714012184952	8.731125581933812	8.004753361483598	6.486000331302253	6.0003962914237965	4.511538498916269	4.49406523039693	5.237325873448492	5.876523080953247	7.104011060273511	6.928225907890432	6.4398373920016665	6.882924594640034	6.859872478670825	5.540008311885404	5.201813575452477	4.209141443492235	2.8401484545335776	2.4923900263534424	1.5259999999999994	0	1.525999999999999	2.4923900263534415	3.8356769272657245	4.360189080041144	3.953239698237293	2.738349594040045	3.413636179749002	3.7020948517415935	4.838538924644542	6.025251381156431	6.495360125556957	7.195512514182898	6.449370948514492	7.52317572790677	7.28255671038473	8.571723669181607	9.768612542114138	9.74313432450445	8.863554353004012	9.33765689682121	9.50878572721041	8.307075254455304	8.879830159794514	10.009945476733707	9.694439375788152
5.130257999531273	5.264142623907612	6.7166515453655435	7.651376111650566	9.047922474883856	9.155729278170298	8.396370672946437	6.928150922428858	6.344588831555248	4.829992094902957	4.689361573878801	5.730879275057381	6.2172261603814585	7.605246754649986	7.713958840675705	7.3519798397873295	8.018897728388412	8.066050792724987	6.809422551010354	6.626416886093399	5.7039904691928776	4.274542491045151	3.8405951475265963	2.4923900263534424	1.525999999999999	0	1.525999999999998	2.4923900263534406	2.912535465395439	2.5351482519638484	1.680589533006053	2.7617597041346116	3.0540759840342915	4.478241071169875	5.4432035021697365	5.598363401836315	6.360155794467204	5.8257081711184275	6.944289892193265	6.958592641525091	8.246390932598294	9.37352943752202	9.142802695649795	8.278614070968397	8.953510877784673	9.307338653118046	8.18099853245987	8.93549610342676	9.948101224897353	9.43099618230274
6.604333562787995	6.591049864811575	8.003258929715557	9.037566901618293	10.404465261055329	10.4645779063745	9.585385091998653	8.143125916004424	7.364684439551124	5.85408870872848	5.347375795884513	6.23856264350416	6.365786867877086	7.715815410598631	7.896334677131633	7.822158962637891	8.532198667803543	8.82295254740948	7.679547870054719	7.332701455439845	6.5205668332374165	5.193510657302313	4.353848463698815	2.9995490244114436	2.4923900263534415	1.525999999999998	0	1.525999999999998	2.492390026353442	2.966503166008794	2.650800698904379	3.321126204144731	2.8751120714022127	4.275773305148216	5.319001831348789	5.224973644435307	5.651392634210287	4.9529490415908946	5.851896524271288	5.794635809445952	6.968391599246986	8.155445673326051	7.966583635629147	7.273805458701033	8.082988915681485	8.356603738118968	7.16414197565727	7.8800261268749034	8.754133211659763	8.115835176607606
7.397966524211485	7.561815075161598	8.928372361004698	9.951636647749966	11.278013206966138	11.193079208395014	10.33028694144755	8.955173061251026	8.165001593245172	6.705685239401579	6.190787378499332	7.247970937187179	7.287257759894518	8.702612843314016	9.075748377264826	9.05806926788396	9.886977302705334	10.180556884671649	9.052477567280013	8.803167870047446	7.980912728319023	6.607023071511583	5.841997282898455	4.423101964722541	3.8356769272657245	2.4923900263534406	1.525999999999998	0	1.5259999999999985	2.4923900263534406	3.010651769936744	3.780887733057745	3.3527598453747838	4.7795280108739036	5.471726734429218	4.96050185414317	5.371601920082461	4.984292417595783	5.819067943007631	6.0588856314487725	7.128272191507701	8.19800799456771	7.779372525502755	7.171442891026116	8.203445542967849	8.653076912133844	7.5832092898834205	8.436832407684173	9.135070332920412	8.280517180095865
7.0546710279141305	7.2151989343278515	8.443153719830063	9.535019956466364	10.749022768795438	10.471481323995445	9.56220961624663	8.297339458720934	7.444249807316505	6.098233331420079	5.566611275188838	6.786633640815192	6.833167800643386	8.318461897965214	8.90628362799079	8.865745800353087	9.872747245766421	10.147054092519472	9.101879332372798	9.10322117190644	8.411354711524677	6.937842581323914	6.25921695467965	4.740122386646376	4.360189080041144	2.912535465395439	2.492390026353442	1.5259999999999985	0	1.525999999999998	2.492390026353441	2.999549024411443	2.790178696829546	4.145194190455193	4.461444019858975	3.8213720348238915	4.527271329489514	4.534743414572357	5.610873279467389	6.1884634357734125	7.38178964879122	8.230389147692996	7.584487090994516	6.7737843989627375	7.7821811478363925	8.478735016251203	7.619912858989645	8.691768326899567	9.447658192088387	8.623173377381908
5.754509119886158	6.107302654049645	7.3169757361896846	8.300959555885266	9.51189203551014	9.234535838400236	8.453459771750284	7.194898067360954	6.537153730348506	5.22777882474045	5.0558155226228765	6.44133706438706	6.814514504050721	8.334654732747607	8.861387459476738	8.56793809773474	9.541405761220206	9.59873989038952	8.476292536439072	8.634511926450527	7.872271438173116	6.35924700481213	6.002074005631955	4.528842340511693	3.953239698237293	2.5351482519638484	2.966503166008794	2.4923900263534406	1.525999999999998	0	1.5259999999999987	2.4923900263534424	3.0892068463679077	4.46817288410245	4.714209844162078	4.399678998949989	5.459412906284601	5.556788388991102	6.812601225073554	7.363421985321041	8.66206322781929	9.50394968587376	8.871276082168347	7.914010681240597	8.7670961371525	9.502930635999569	8.667425527394167	9.741432200091912	10.635595191218853	9.930904875161165
4.591762312515107	4.748986696389551	6.0322068358862655	7.0722865522243525	8.337109339365435	8.191153686518279	7.370444138230417	6.008590698708682	5.349208514059253	3.928707937968813	3.8397470237353484	5.174801480644681	5.7294586206850155	7.21862825967444	7.592408363647479	7.18196215782994	8.084716534450875	8.093859719689153	6.951853859597593	7.12841915655711	6.408034438395108	4.885252126721949	4.593921321969022	3.17658493338337	2.738349594040045	1.680589533006053	2.650800698904379	3.010651769936744	2.492390026353441	1.5259999999999987	0	1.5259999999999994	2.492390026353442	3.8388727819978925	4.412574276569276	4.5938123085769975	5.672977955319948	5.5001349407096205	6.838243665252302	7.171394950387487	8.569107603643738	9.484938440394654	9.036732463143883	7.983838689498963	8.61838192917711	9.219986111232316	8.310982663942248	9.290940979389786	10.348349013823585	9.840754392067256
4.900450748560715	4.631384765182556	5.702640058601615	6.972204436907046	8.089473689727118	7.7987938118417794	6.749094470444048	5.478457388581274	4.4935313939571	3.1513950896656953	2.612555268703169	3.9667721047503957	4.3722508326254514	5.89033276587611	6.4542206788694845	6.174198888267902	7.271835044909625	7.453546827127607	6.533016918487418	6.866936067684608	6.46793203475549	4.978717387752405	4.486624836429718	3.1209762125257674	3.413636179749002	2.7617597041346116	3.321126204144731	3.780887733057745	2.999549024411443	2.4923900263534424	1.5259999999999994	0	1.5259999999999982	2.492390026353442	3.0106517699367448	3.5254432158722704	4.670733040809304	4.535594735368928	5.989823660393116	6.4044025874345785	7.88544513144754	8.654326806336293	8.189519934859277	6.986579904992093	7.446869066426423	8.114710659533529	7.344968781990908	8.422250575529487	9.56273870962152	9.186266182461225
6.252171082593546	5.82032313658789	6.892433351313872	8.22785993117619	9.339648748172916	9.082968685997608	7.926210130792399	6.679333048200711	5.523278036592455	4.22148073826355	3.2069920102325744	4.168078371585721	4.056185417818497	5.530707644629726	6.15468492840301	6.226066290382201	7.345505426219683	7.813591548987658	7.007736955573596	7.123021144933545	6.826092364675348	5.4223908023887954	4.509759359729682	3.1191628408403616	3.7020948517415935	3.0540759840342915	2.8751120714022127	3.3527598453747838	2.790178696829546	3.0892068463679077	2.492390026353442	1.5259999999999982	0	1.525999999999999	2.4923900263534415	2.8401484545335753	3.577838936128954	3.134223734094332	4.527363166610702	4.886791685140971	6.360987764666907	7.160832752603505	6.759616644138246	5.626381683657915	6.155173366077728	6.740516709559542	5.9013514107870035	6.988047483511262	8.074144220746494	7.662175649737971
6.898635324918441	6.1808063537879985	7.002069182543289	8.457201785342328	9.401243139725839	9.043751559091557	7.726875193569809	6.643190940420531	5.274806377565627	4.251581703465543	2.865998928773696	3.4512401836193214	2.9032238051446813	4.317774617116583	5.195228868692499	5.506333864445183	6.79057305986872	7.460107248124574	6.938306067895406	7.182240505727418	7.20923427456489	5.942375739340981	4.946816665469371	3.8550024571657473	4.838538924644542	4.478241071169875	4.275773305148216	4.7795280108739036	4.145194190455193	4.46817288410245	3.8388727819978925	2.492390026353442	1.525999999999999	0	1.525999999999998	2.49239002635344	3.044168953228239	2.5756683493105434	4.015999720827286	4.431336441408352	5.950692344216785	6.529407197384207	6.1527157068082285	4.840999634750668	5.058923478736543	5.701012259811753	5.071886994984328	6.259197591641944	7.444435684661126	7.238114343520728
7.390336709028731	6.75887802660793	7.384234262547886	8.846901579679525	9.635872280765787	9.041133869805341	7.694541732417888	6.816568011978817	5.415458221818771	4.667165019019359	3.3960516876304885	4.1319176540591585	3.5869980549008216	4.900461559887815	6.056972711330079	6.355894047003794	7.767437010552193	8.381858771615228	7.954859564670449	8.400913742166146	8.46812188231314	7.163394140391406	6.326300477932684	5.197113530722142	6.025251381156431	5.4432035021697365	5.319001831348789	5.471726734429218	4.461444019858975	4.714209844162078	4.412574276569276	3.0106517699367448	2.4923900263534415	1.525999999999998	0	1.5259999999999982	2.492390026353441	2.8401484545335767	4.302525802105021	5.14270181253909	6.579062162529613	6.860281932552558	6.184643970548399	4.745944937639712	4.973630319272019	5.968944857347347	5.695573906226039	7.060968417224383	8.135296386270245	7.864139637071755
8.231084270907356	7.820057639039843	8.561038063209589	9.963389376894803	10.811275600863901	10.182636013883073	8.913043018967382	8.012771126918434	6.702695677386347	5.85277651896249	4.716707084157584	5.588288397621261	5.032161287251952	6.323630561970775	7.4558358643374145	7.805387076539449	9.174923905343256	9.783957056885226	9.249143231759025	9.586514035739512	9.493160957478365	8.11561698145749	7.226710919906073	5.924890283287956	6.495360125556957	5.598363401836315	5.224973644435307	4.96050185414317	3.8213720348238915	4.399678998949989	4.5938123085769975	3.5254432158722704	2.8401484545335753	2.49239002635344	1.5259999999999982	0	1.5259999999999982	2.492390026353441	3.836905667609774	4.983763122389789	6.285174261963072	6.505894751670097	5.580841473249437	4.274735252339877	4.927277753139411	6.0672041618896	5.8262410229086194	7.265507170395903	8.11008055422228	7.571558179550185
9.495170086444631	8.992768066439819	9.770528193971113	11.208724732073163	12.076417890296566	11.503330620122982	10.179090960518735	9.264841706574943	7.886505911283826	7.015380829096669	5.719856448356451	6.316904150713635	5.442296800452264	6.54414877913939	7.677654184340569	8.292344568197668	9.624356789319668	10.423859952771085	9.974342016465782	10.156921372671432	10.131625719709847	8.837485777060383	7.745961306955184	6.521736966942434	7.195512514182898	6.360155794467204	5.651392634210287	5.371601920082461	4.527271329489514	5.459412906284601	5.672977955319948	4.670733040809304	3.577838936128954	3.044168953228239	2.492390026353441	1.5259999999999982	0	1.5259999999999976	2.4923900263534398	3.840184963965642	4.984524289044534	5.057389078439008	4.0614796782632006	2.793198519579934	3.653052297585469	4.81410913852657	4.6687541175216305	6.148405254459733	6.828016321032017	6.22441402042551
9.30123655061031	8.691833275208628	9.572777591355504	11.015632212384377	11.974615068708612	11.578925781806582	10.244944053527158	9.206415356683122	7.821055235451343	6.819408458103699	5.436804658764454	5.820562810402828	4.841893541750217	5.883360587234952	6.82245095874139	7.539556906289467	8.752192109491283	9.649453664516633	9.195447924932905	9.194380619286171	9.190307487112284	7.993749071999504	6.749661991039051	5.643424480297817	6.449370948514492	5.8257081711184275	4.9529490415908946	4.984292417595783	4.534743414572357	5.556788388991102	5.5001349407096205	4.535594735368928	3.134223734094332	2.5756683493105434	2.8401484545335767	2.492390026353441	1.5259999999999976	0	1.5259999999999974	2.49239002635344	3.838872781997889	4.244251115769199	3.6664868603063145	2.5005229540518212	3.269438741567868	4.0089438692823745	3.467164995559652	4.859117192198732	5.662871295307935	5.142592755209439
10.720682073219072	10.085593902714775	10.986223058397465	12.430486815761503	13.400288966444625	13.040223118024139	11.68626074793907	10.650667205925764	9.249646761216574	8.254882083235453	6.8409747368711695	7.052609613432013	5.919976843422411	6.725715121231387	7.594931402189218	8.506183602704203	9.632115835713998	10.661230697955675	10.275638078190276	10.130495171252912	10.163503483637989	9.069842056099766	7.71205768974635	6.721855644807463	7.52317572790677	6.944289892193265	5.851896524271288	5.819067943007631	5.610873279467389	6.812601225073554	6.838243665252302	5.989823660393116	4.527363166610702	4.015999720827286	4.302525802105021	3.836905667609774	2.4923900263534398	1.5259999999999974	0	1.5259999999999978	2.49239002635344	2.772725419281658	2.258464847439618	1.5157126880485525	2.6062265709144286	3.0882907334994445	2.57455872101345	3.927840088713398	4.420955464220473	3.7447759041930926
10.84823094695683	10.12914715555613	11.08582202226125	12.501999704084113	13.528579858250131	13.327981140078228	11.987378581554543	10.876800204955858	9.509422987506433	8.456668235137082	7.047673195031307	7.0403985184680655	5.887008314493894	6.527252243336857	7.13286546104772	8.129823141379266	9.077192586243036	10.189390949213303	9.82806838561697	9.489214407942972	9.559274101966146	8.625443775427234	7.165702909441703	6.395501331135789	7.28255671038473	6.958592641525091	5.794635809445952	6.0588856314487725	6.1884634357734125	7.363421985321041	7.171394950387487	6.4044025874345785	4.886791685140971	4.431336441408352	5.14270181253909	4.983763122389789	3.840184963965642	2.49239002635344	1.5259999999999978	0	1.5259999999999974	2.4923900263534406	2.8603856603110804	2.6085509459965444	3.157978600636922	2.8710425052771718	1.6796087735950604	2.680548984257709	3.3166024499799076	2.8160251708332726
12.323564230855327	11.613082223029	12.583186757517609	13.991069188818086	15.025086957664415	14.84188827604299	13.494243205683874	12.389660305446487	11.019653352330279	9.973686188633073	8.563857507761004	8.493924202758723	7.287538671841847	7.772463726209445	8.316246047958469	9.414280250763294	10.276115575392497	11.457717210335456	11.142369877645853	10.699529571401689	10.778741332009233	9.931405565027825	8.437827393134485	7.74822286932412	8.571723669181607	8.246390932598294	6.968391599246986	7.128272191507701	7.38178964879122	8.66206322781929	8.569107603643738	7.88544513144754	6.360987764666907	5.950692344216785	6.579062162529613	6.285174261963072	4.984524289044534	3.838872781997889	2.49239002635344	1.5259999999999974	0	1.5259999999999985	2.492390026353441	3.0553984829305993	3.595055953322624	2.932178293378526	2.0093496047372983	2.37507111901192	2.2439025016727077	1.3225261801027814
13.22362721822173	12.465731522239725	13.32228610292884	14.780200566219804	15.715584961392077	15.412635339846778	14.006815032126978	13.018014170920718	11.579837447431416	10.667001223681028	9.19485674732099	9.084775567200289	7.753454031914705	8.118840926713448	8.8469532655754	10.043911604337083	11.008745163769172	12.248104194394294	12.058449505875219	11.744102605389035	11.93462086498026	11.063479229446056	9.593757072713348	8.875631418529071	9.768612542114138	9.37352943752202	8.155445673326051	8.19800799456771	8.230389147692996	9.50394968587376	9.484938440394654	8.654326806336293	7.160832752603505	6.529407197384207	6.860281932552558	6.505894751670097	5.057389078439008	4.244251115769199	2.772725419281658	2.4923900263534406	1.5259999999999985	0	1.525999999999998	2.49239002635344	2.8401484545335762	2.249868640630147	2.256166133960163	2.8246214401197633	2.3632323102788435	1.7257206272534087
12.951257967932293	12.286960828442728	13.120230764257908	14.589428797850601	15.494740191531333	15.06742152557825	13.667702803525097	12.725702920810265	11.278940544182163	10.39077318170095	8.93830149948574	9.028897804715294	7.747904514260522	8.292861029742584	9.215541579424523	10.310740790335343	11.421430808152307	12.571645031270155	12.3198818857876	12.148494538651455	12.27095220250633	11.249951683411615	9.850809894098374	8.939419065158257	9.74313432450445	9.142802695649795	7.966583635629147	7.779372525502755	7.584487090994516	8.871276082168347	9.036732463143883	8.189519934859277	6.759616644138246	6.1527157068082285	6.184643970548399	5.580841473249437	4.0614796782632006	3.6664868603063145	2.258464847439618	2.8603856603110804	2.492390026353441	1.525999999999998	0	1.5259999999999976	2.492390026353442	2.7914001628438823	3.077354168292118	4.110621784188104	3.8813205930992476	3.0740065800027527
11.71410574853742	11.011520794278859	11.768102194870224	13.254048764235849	14.103619375429384	13.624611070023887	12.211440441152934	11.319505384306199	9.855540097912096	9.039528371844819	7.576907764795194	7.6900713105250285	6.418948059695969	7.03444212032991	8.077416875358331	9.106553114472542	10.313056044480616	11.412965402052627	11.183734171187453	11.1539442103758	11.324240052669392	10.252824718757331	8.923062424230597	7.978715156632023	8.863554353004012	8.278614070968397	7.273805458701033	7.171442891026116	6.7737843989627375	7.914010681240597	7.983838689498963	6.986579904992093	5.626381683657915	4.840999634750668	4.745944937639712	4.274735252339877	2.793198519579934	2.5005229540518212	1.5157126880485525	2.6085509459965444	3.0553984829305993	2.49239002635344	1.5259999999999976	0	1.5259999999999991	2.4923900263534415	2.8105625989966176	4.221650764114779	4.525733615190618	4.012328377720252
