0	1.526	2.492390026353444	2.8105625989966225	3.4723304473672134	4.289509302584404	3.8134456615239656	3.610210078231163	3.853118790487689	2.9842043899299937	2.8933570642877102	4.409617408961562	5.207880101743321	5.249039217833492	6.037843148475903	5.678355123870588	5.9297645144030176	4.960638586129545	5.762822073428292	7.1274413257298335	7.911019322532658	8.087598748303982	6.869095484550355	5.737529540712012	5.667008053809751	5.083738654300129	6.055228483570246	6.400669763902289	7.705272412392587	7.736219063264583	6.8528226067345095	7.265931917484026	6.982613239703917	5.576185554342604	5.336919855096402	6.601799553233266	6.7968307659003075	6.920694759066054	5.715356541850198	4.567005097660021	3.369337094521447	2.3125874804124495	2.6295431473797817	4.118895668468423	4.93819027663167	5.364436029808084	6.554446466022202	6.441085300817526	5.606922280063011	6.308531897294674	7.711554523667477	8.657141576373869	10.080144163664752	10.439774601639275	10.617624620208078	9.33285113383454	8.509682606280213	9.550767559469858	10.386969584434073	11.541488244637568	12.507893326911411	11.943834438713898	11.505811377840038	10.85920687098254	9.562561317981006	9.993028272030312	8.89679710264995	7.847952159022963	8.650357199438819	9.762223695347254
1.526	0	1.526	2.4923900263534438	3.0106517699367474	4.269621269333618	4.318844170823984	4.1262556974252025	4.803394687615023	4.283382723989281	4.132868919698083	5.585413765104623	6.573284666592178	6.680957090207314	7.335050902186284	6.779673167241461	6.996255080427771	6.107024770070655	6.757663644648084	8.213341947342094	8.970696285972261	8.938118778796627	7.605665833151242	6.531523878843031	6.75288696574979	6.21560060023727	6.992093780394121	7.09242337709597	8.279686311728433	8.260887797273138	7.16686224970937	7.334730130749727	7.118449601756532	5.863219736825645	5.913052536151179	7.330362199565646	7.639957915794775	7.5488927117034565	6.175021544410804	5.2774462851957065	3.8443209817768036	3.219756127799998	3.9558019719143007	5.342818837797043	6.25965237078212	6.833113060719024	8.013509057383251	7.79773411702529	6.938895947088191	7.69005991353739	9.033536244588053	10.008572791158937	11.414418177316213	11.818537741878623	12.071724542249683	10.81911376771532	9.968808566882533	10.979473278181109	11.856139252577947	12.973144437299759	13.926955253835487	13.312587540822427	12.803541672503195	12.081535113708977	10.824878513916026	11.33779227145529	10.27709029636673	9.280342428373418	10.134231348907571	11.207469532536576
2.492390026353444	1.526	0	1.526	2.4923900263534438	3.8291328235138935	4.262416691109435	4.56604931275755	5.47644217020999	4.99928653848383	4.390165572728033	5.645531084870714	6.833321343998661	6.908232949354089	7.256457612596975	6.4502735049954625	6.736420216916549	6.128614477239038	6.822789171246651	8.314069772642732	8.850849067159867	8.604910046168483	7.159791335016718	6.3288242809019035	6.804960842326009	6.5913559505800325	7.402503032787017	7.244236426695694	8.46535450225423	8.682557044117123	7.632178028475761	7.542213140666981	7.067724184318212	5.841793998197502	6.23827494781791	7.624376316585305	7.724683594257899	7.347297454481121	5.893127299418259	5.06992911043997	3.5595892475984394	3.1538442428696256	4.367499069584836	5.589658329451678	6.777816815478406	7.405252538103615	8.735095563208084	8.70840845150377	8.019914219178409	8.782888433323969	10.19409821672477	11.138268069793837	12.567204247276667	12.892752108659174	13.015620976512853	11.68298942759668	10.913550605150862	11.939625296528368	12.68166991070165	13.816172358026085	14.862803607677284	14.364572977812664	13.887983824791485	13.273091409187455	12.014751405964956	12.47009234583051	11.369717906297797	10.28291326573461	10.985622491521237	12.094472039518044
2.8105625989966225	2.4923900263534438	1.526	0	1.5259999999999996	2.4923900263534438	2.999549024411446	3.698143290901029	4.721709887346064	4.4163737876559175	3.5485757841828383	4.553244130997634	5.908166087629283	6.1847670678233575	6.419664252957406	5.416460931602656	5.499383494137594	4.9689989931246865	5.559627751953339	7.057517075193225	7.512985041642982	7.154280600659726	5.687884885279353	4.925094856187026	5.575962836511536	5.555591657930397	6.3284760705490815	6.001499360097682	7.251832082667824	7.661022434910001	6.747878449836266	6.576840231930312	5.881130010752624	4.614141932681003	5.172629007342805	6.469612547269543	6.423451514595982	5.914035840938987	4.457364918529853	3.6896170808065643	2.204297385646557	2.238804467310317	3.6714536908244213	4.591571945198173	5.923666700598357	6.720169074913096	8.107031598155668	8.175971392739932	7.743259936147376	8.643182632467578	10.065619092749685	11.079161863931478	12.465658676910902	12.61272950314418	12.650924903411708	11.286770721434042	10.69922670424912	11.842711549338159	12.495971238470222	13.729557270024095	14.779269078678736	14.35394807745899	14.032096354352209	13.49167395208049	12.154148655731868	12.426517792663992	11.208812924452577	10.135612297676248	10.751764805527868	11.980321354758704
3.4723304473672134	3.0106517699367474	2.4923900263534438	1.5259999999999996	0	1.5259999999999996	2.492390026353444	2.955588257559175	4.316183199577057	4.518203184518082	3.9730652641872455	4.860347881881868	6.272176060059824	6.8744060446626625	7.246536216786532	6.206753333502682	5.920233810093582	5.194001331513011	5.362038975738903	6.880703125046282	7.499147879819102	7.033707612282903	5.6323707025887595	4.716445216912102	5.561014715867601	5.370956217509846	5.783009224838467	5.256032931164268	6.302671706810823	6.603918007960803	5.554931083694642	5.220267270221778	4.638932056869364	3.5507067652138318	4.292895327573073	5.688771894333897	5.900158371534051	5.340539522917976	3.824368174454641	3.5256156319169287	2.159634379602463	2.938396684915651	4.095859224767007	4.782020147111159	5.973531581481111	7.042701968227706	8.305267281635615	8.162272239463901	7.82220228754995	8.925789474748747	10.245035243426067	11.408706156944314	12.709630508769823	12.768424184040072	12.924440741971196	11.638162502917858	11.144725573040644	12.386921973447949	13.126009988150491	14.424186402788504	15.370244342558943	14.855776269743735	14.611614718970113	13.974767404167928	12.57853436924245	12.772427597514655	11.484248727945463	10.566689491354033	11.301414430778596	12.599984758270985
4.289509302584404	4.269621269333618	3.8291328235138935	2.4923900263534438	1.5259999999999996	0	1.5260000000000002	2.4923900263534446	3.840184963965649	4.316183199577058	3.6789303917268406	4.1128572335951015	5.584240811239735	6.429823392849164	6.72604375081712	5.589522868402325	4.982612445395923	4.305773502384414	4.185531591018159	5.655778921967755	6.226867179173621	5.648912481176341	4.302737061555593	3.4080157766971007	4.476453386476751	4.475532431183617	4.731932611023211	3.9617090837344864	5.0102959010255965	5.552148803535875	4.732930712120629	4.331330671996486	3.4324610148626657	2.271966296452877	3.2779029660257746	4.496529019205666	4.56302718993453	3.853714291524714	2.3311237987387816	2.374873713472625	1.5541662958954954	2.970643020104461	3.926119666151496	4.104746498677963	5.301233668558356	6.532965451019328	7.764741227656259	7.698005073993987	7.645956713189194	8.850355933698566	10.12778332513712	11.336758085424528	12.562837008585477	12.440444964426918	12.521345528140213	11.24009983177262	10.942374334869578	12.276266556722788	12.929257372945594	14.304617830826787	15.227204451023207	14.779019682115463	14.689912323360252	14.125673995588976	12.675608613118625	12.68688586581402	11.308666780891478	10.441712891611395	11.089327026673114	12.477746001041497
3.8134456615239656	4.318844170823984	4.262416691109435	2.999549024411446	2.492390026353444	1.5260000000000002	0	1.5259999999999998	2.492390026353444	2.955588257559175	2.422440123979386	2.7801586026799376	4.167100091927088	5.13627339039151	5.6280820510816625	4.695074057596661	3.9737295631248646	2.987791852712304	2.893275119226561	4.409739312843204	5.170172672140831	4.920887503527793	3.716535960658589	2.448706049945276	3.1555901662220602	2.97837451374657	3.427643850225589	3.0109419200602208	4.329516751011503	4.851252637594068	4.2547171009166265	4.338253635996912	3.534219082233209	2.0233401672512454	2.3261602973524553	3.484609592251292	3.4996392806905403	3.2339771259166366	1.9300273139388135	1.3146545949672916	0.9895286987816273	2.230908368317406	2.6771596931835733	2.65136570236808	3.777278469501752	5.044019794584864	6.244843636713237	6.206809385466762	6.240674327459395	7.455744091418626	8.719305586710025	9.925874089631419	11.125620069526311	10.95514206898283	11.010350674434733	9.73495783353149	9.487659357690521	10.853062587369358	11.497342441159947	12.899412268383252	13.789436038112798	13.352884892526655	13.33116696561777	12.802338189935957	11.333020071817714	11.264251042027349	9.860577429964977	9.013735299522121	9.64649637524952	11.063144928358708
3.610210078231163	4.1262556974252025	4.56604931275755	3.698143290901029	2.955588257559175	2.4923900263534446	1.5259999999999998	0	1.5259999999999998	2.4923900263534438	2.8105625989966216	3.49018746360696	4.540771079917774	5.5722163554198705	6.402897391574254	5.752921904783655	5.0400168088053166	3.7402099496527033	3.4723818830742417	4.860986266892809	5.95254008806577	5.9419791717082315	4.960420175208249	3.5110674922165397	3.8016945117985927	2.9619511903973192	3.110483741748691	3.0859368955421735	4.187593706511316	4.209374756736357	3.369225168828588	3.818281019912918	3.5746405684294156	2.2407271617120483	1.792785642829289	3.2366596022365255	3.8428398777055834	4.036638920478464	3.0009461047344272	2.620356827071179	2.2603359275239265	2.918142583109823	2.827320365672625	3.040219858939754	3.6427363596114337	4.963069622819447	5.927373559737716	5.530048584289376	5.410515554428732	6.745006311649347	7.8940007704620045	9.20848182340383	10.353899513578398	10.238572976555728	10.492247531561308	9.330503870787538	9.0186127010288	10.398024583772905	11.214650984209356	12.607286199514178	13.373457705327068	12.783760480877744	12.74221127551423	12.069284146723675	10.586522168552987	10.554184939671366	9.162510473306888	8.473119503230583	9.31499649926344	10.708687404202202
3.853118790487689	4.803394687615023	5.47644217020999	4.721709887346064	4.316183199577057	3.840184963965649	2.492390026353444	1.5259999999999998	0	1.5259999999999998	2.4923900263534438	3.021791858702397	3.595345141863741	4.692063409518229	5.775433147064259	5.467500096854311	4.7515630076429725	3.2537057615796687	3.0549736882306564	4.200866004863797	5.474353048089989	5.852541391137278	5.135998418357256	3.622610887622152	3.2753900151417605	1.9847418879643082	2.3570123386158355	3.0839377045840837	4.243069736687418	4.1522042347338575	3.7038926396950425	4.621573635663958	4.492082006020598	3.231893993692111	2.086333387522391	3.007592574722239	3.5811835722817316	4.3059136144811045	3.7094200929599155	3.036562020266083	3.1250356411912428	3.2507796823336674	2.3851936125476074	2.358160343722336	2.3745221412209903	3.6691416670129806	4.470167494780996	4.004093206582164	3.968780718098651	5.34684186676255	6.454218968501669	7.781191321436722	8.887876238281523	8.725114205460399	8.976004441026548	7.840679987175714	7.576748445794545	8.990534909582374	9.819363860111284	11.233173541739829	11.944008262553256	11.35109997412125	11.385650520864983	10.742563011863064	9.238992017065467	9.11232701243559	7.691291848206024	7.054643029833697	7.911432629275913	9.325328227015534
2.9842043899299937	4.283382723989281	4.99928653848383	4.4163737876559175	4.518203184518082	4.316183199577058	2.955588257559175	2.4923900263534438	1.5259999999999998	0	1.526	2.4923900263534438	2.870645894062017	3.560603704092765	4.744673695869298	4.645598844353398	4.329349980153282	2.914381083660946	3.4337585952621805	4.551022510847018	5.619375080304367	6.154176009506789	5.348253257602234	3.984370974061742	3.350297676959515	2.3353080122785266	3.411403372984521	4.2384874459187545	5.566090430579048	5.623740736121394	5.225697299346942	6.065857428236659	5.779887280482483	4.367646247371158	3.472680815415629	4.275972513723598	4.439367466113387	5.100164703695707	4.432358508322829	3.2720066681405253	3.133172187595429	2.527742638690981	1.1991738138176853	1.8348816127065555	2.047273630893755	2.8250557014456357	3.9088483497578297	3.7660190789970964	3.4416923263340276	4.540807647515159	5.8713101198215565	7.026343956143457	8.290601716511933	8.284504808179298	8.408431069670176	7.145562722078468	6.695990645993985	8.02319165711266	8.80661290832871	10.172089535841284	11.005624855787175	10.482612089236875	10.408148049043898	9.848128336058672	8.3829618188747	8.378186154332987	7.027751446531493	6.149624079043307	6.924970775121705	8.289982714809415
2.8933570642877102	4.132868919698083	4.390165572728033	3.5485757841828383	3.9730652641872455	3.6789303917268406	2.422440123979386	2.8105625989966216	2.4923900263534438	1.526	0	1.5259999999999998	2.4923900263534438	2.9995490244114458	3.780887733057749	3.3522487319440724	3.206364807838916	2.07817579621189	3.062833440601877	4.333712226983381	5.044545273701562	5.3831407067309245	4.362763915035512	3.2267966275751925	2.836310619828222	2.570409086868843	3.880513783255052	4.316803262396205	5.805695256590396	6.222705034431167	5.862135072438438	6.399636564322056	5.762679291971219	4.248126117540686	3.817065867109195	4.607836272023227	4.340425368277161	4.62678141720347	3.824991738868331	2.378869348075833	2.1950551385959938	1.348453385261776	0.46788117974139976	1.2871177466046755	2.508885799155835	3.1800191886047013	4.593914326400425	4.878027627135213	4.724926268048328	5.621393057010139	7.040534907953058	8.042854531510411	9.358942965786586	9.321893917355554	9.237981815396012	7.857222902596598	7.454304448691968	8.724076162429064	9.3081442922302	10.65914568655227	11.64334727397762	11.286966886470525	11.198274027877355	10.787737353910138	9.368644933789755	9.366632946222026	8.043600410423828	6.988685696827447	7.508073633018367	8.86635336503249
4.409617408961562	5.585413765104623	5.645531084870714	4.553244130997634	4.860347881881868	4.1128572335951015	2.7801586026799376	3.49018746360696	3.021791858702397	2.4923900263534438	1.5259999999999998	0	1.5259999999999996	2.4923900263534438	3.010651769936747	2.483552663550653	1.8418122035198328	0.5695935030124195	1.9274858919237141	3.009917583992658	3.5456464516162987	3.9950458918661114	3.1805223212556797	2.2208805043250246	1.4872368407377978	1.955083008037772	3.3563621828869574	3.737738750169804	5.2460002577631	5.952169499894385	5.9473846300237305	6.467809078939363	5.624942045937454	4.215786905994758	3.7995793401515194	4.108348796475756	3.3879722255320424	3.7268844626194637	3.368575454714629	1.9883414130676254	2.7417098583397603	2.4985978451768918	1.8896669060514204	0.7347169956011633	2.0827004682184826	2.831882395005493	4.236307142459051	4.816634522559941	5.122432887877163	6.01648407747848	7.342620703632135	8.30851808013161	9.516035373878507	9.253343116319066	8.996709242311134	7.600523117799763	7.480410035877284	8.812927311425046	9.208881544889076	10.62608122297445	11.611625226058985	11.395205662782692	11.490220796425197	11.223782836640531	9.792548042419508	9.567707760401365	8.178473118665137	7.163054930422497	7.461619648319528	8.897188407940117
5.207880101743321	6.573284666592178	6.833321343998661	5.908166087629283	6.272176060059824	5.584240811239735	4.167100091927088	4.540771079917774	3.595345141863741	2.870645894062017	2.4923900263534438	1.5259999999999996	0	1.5259999999999998	2.4923900263534433	2.781999769625156	2.353214410966788	1.5041631664803836	2.555033967836812	2.9212973579161012	3.4927318687200586	4.463357343635364	4.11698473066079	3.335476825654338	1.9777757151290787	2.1830251634498246	3.628601750876939	4.460304282291877	5.842916648892924	6.439345369895337	6.660199069342617	7.425910989885685	6.722786602890433	5.402753539283013	4.66062591058517	4.640888756024445	3.9056005908544833	4.656008571190776	4.658319648585394	3.43519427393164	4.213859380890924	3.715662090809124	2.6292244639963305	1.552786626828637	1.5667765050002316	1.566754000843513	2.9295801068333627	3.8487037452578923	4.357967461865686	5.046966092336992	6.298103013109361	7.145940066370925	8.294465230539364	7.956716399285764	7.579022944553094	6.164158351509273	6.156556616668112	7.497053094803155	7.807445883371613	9.252606018340016	10.215498965510054	10.06663092968687	10.265670304168058	10.1049799894344	8.692186740749355	8.33701024104876	6.9538004302602054	5.938034655423977	6.0948950350131135	7.555434031633395
5.249039217833492	6.680957090207314	6.908232949354089	6.1847670678233575	6.8744060446626625	6.429823392849164	5.13627339039151	5.5722163554198705	4.692063409518229	3.560603704092765	2.9995490244114458	2.4923900263534438	1.5259999999999998	0	1.5259999999999998	2.4923900263534433	2.923199679036583	2.6493868755777052	3.9847316111008695	4.324229830961953	4.572709965339442	5.5198199629927265	5.089382018692496	4.539796218476422	3.365353249143254	3.635926476260307	5.1206451444973	5.9305491573585325	7.347753117074566	7.921117690397434	8.040252856221477	8.780633291663051	8.05745516365727	6.658877289146735	6.0109053711349185	6.137476476115177	5.391229331742451	5.991279138859527	5.843335516154666	4.459102288129005	4.922040839990895	4.0119139670074535	3.056292095947184	2.653434256010868	2.8338904044072604	2.028245331485282	3.3502418442790223	4.50320631134264	4.719442647749256	4.978833052121104	6.3207099003380645	6.890255173103924	8.144654368936346	7.982563862518879	7.452021191858533	5.945274488125954	5.739537716709159	6.888518768446448	7.064551029425037	8.414886010336303	9.534326439292673	9.506367285243982	9.587056304725952	9.560649022452408	8.250859786722605	8.026787973014377	6.800461995970171	5.550961112571616	5.488571325636841	6.823719494629389
6.037843148475903	7.335050902186284	7.256457612596975	6.419664252957406	7.246536216786532	6.72604375081712	5.6280820510816625	6.402897391574254	5.775433147064259	4.744673695869298	3.780887733057749	3.010651769936747	2.4923900263534433	1.5259999999999998	0	1.5259999999999991	2.4923900263534433	3.0441689532282425	4.429527675008022	4.6757975687823095	4.419014168859704	5.182561836462822	4.758492027648476	4.669842244355319	3.766617828749139	4.547081175258435	5.981222834802474	6.508119911039577	7.934307952613599	8.736666832954137	8.901284880049971	9.451756304878014	8.519966510278351	7.1563285990501795	6.78182941586224	6.8525945084174165	5.838943637247475	6.1425667842339715	6.047728491535033	4.72181699574332	5.261604797034091	4.470179275565406	3.9775464274498096	3.4834775287041584	4.0308112562126945	3.457630446095312	4.693635599985341	5.9373038027498595	6.242227612274528	6.459118501216752	7.772992487982926	8.232405808853239	9.454898493461815	9.242968833201854	8.550660028803199	7.042026629349542	6.939708417883808	7.9676235588109305	7.910228780494876	9.18306232327063	10.402227540299796	10.55269432341546	10.64826502387491	10.765447369927655	9.532223069434815	9.292141186879032	8.130730903161533	6.846403353504247	6.549063946470853	7.783758776658891
5.678355123870588	6.779673167241461	6.4502735049954625	5.416460931602656	6.206753333502682	5.589522868402325	4.695074057596661	5.752921904783655	5.467500096854311	4.645598844353398	3.3522487319440724	2.483552663550653	2.781999769625156	2.4923900263534433	1.5259999999999991	0	1.5259999999999998	2.4923900263534433	3.8396108083336413	4.374931292449536	3.9909800244503484	4.320004967505272	3.585328810401264	3.6825791179008225	3.253668603698715	4.309654303873461	5.6522515079418145	5.8312506413933995	7.280271193292586	8.22297976603511	8.297203676606097	8.624360885755822	7.546009308345296	6.209348963886253	6.133153278196201	6.314803789514682	5.225993783388305	5.178786880191072	4.943521724556686	3.684411928921339	4.235754670097094	3.721554056292438	3.6918090932462806	3.1555293574861967	4.18582514023947	4.160399117164824	5.551036220113313	6.5929713596553485	6.892723106491601	7.373720680367751	8.743458898673135	9.378244445667342	10.625105092587878	10.39321048812205	9.811671766787525	8.317817265551644	8.214193627523963	9.324668994091487	9.366938731497092	10.662230166860303	11.857712359288044	11.933538377385819	11.998548234898958	12.0087784667979	10.718438681113993	10.517979657182071	9.279305727102365	8.04297922196698	7.9117712197368	9.196500914809825
5.9297645144030176	6.996255080427771	6.736420216916549	5.499383494137594	5.920233810093582	4.982612445395923	3.9737295631248646	5.0400168088053166	4.7515630076429725	4.329349980153282	3.206364807838916	1.8418122035198328	2.353214410966788	2.923199679036583	2.4923900263534433	1.5259999999999998	0	1.5259999999999994	2.4923900263534424	2.966503166008795	2.6096558434370962	2.91091233780023	2.2766606019931537	2.3533908644712063	1.9489358927078364	3.295685604929856	4.433618543202417	4.486197790855165	5.871830971264004	6.913304356359879	7.138486681721147	7.456065832240426	6.343781660936262	5.120420179878715	5.027514770882017	4.992607135245392	3.7789620207213717	3.756211821078912	3.792149020422832	2.7600968015708514	3.802551532981401	3.7771479792987073	3.6091587477040226	2.539264659268511	3.504170713514248	3.9173568204558795	5.201285185844789	6.103356277248558	6.642668127278745	7.377315849211961	8.65113821163398	9.464981304406443	10.609333026475298	10.21198681531241	9.715473079095755	8.294014543012652	8.374369593554013	9.639859531717963	9.762088830994575	11.158352211809309	12.225887887163815	12.223016505207678	12.41857854075958	12.346664093953153	10.970961186698325	10.628660401806043	9.270431102788212	8.208717776444212	8.195162535442511	9.59906431199017
4.960638586129545	6.107024770070655	6.128614477239038	4.9689989931246865	5.194001331513011	4.305773502384414	2.987791852712304	3.7402099496527033	3.2537057615796687	2.914381083660946	2.07817579621189	0.5695935030124195	1.5041631664803836	2.6493868755777052	3.0441689532282425	2.4923900263534433	1.5259999999999994	0	1.5259999999999987	2.4923900263534424	2.977470861068505	3.4720054068542536	2.7873103684738068	1.9069648051799788	0.9893674383227169	1.858205482816721	3.170184418458364	3.502850957314561	4.980612207158854	5.786581613675723	5.91468756915577	6.424074709854872	5.526200353751148	4.194286826126442	3.7856831197724308	3.8940486361065925	3.0063749798346437	3.377288702597159	3.2377096047288676	2.017881535921629	3.0478104904354284	3.003865118588818	2.434826348322698	1.0803477536555954	2.128716870453661	2.927534950153482	4.240945710073812	4.874677222916746	5.342187691782766	6.255417465006518	7.523606741180702	8.4922174189693	9.644213439991146	9.293004754322865	8.99492145928221	7.616574941895219	7.609908895634873	8.966248778717308	9.308832008908649	10.748010848296227	11.714389353967828	11.533802119881836	11.699400599975522	11.467883982157986	10.031345669090998	9.724647117040671	8.312207065046936	7.34225650020183	7.583357498518705	9.041669348687973
5.762822073428292	6.757663644648084	6.822789171246651	5.559627751953339	5.362038975738903	4.185531591018159	2.893275119226561	3.4723818830742417	3.0549736882306564	3.4337585952621805	3.062833440601877	1.9274858919237141	2.555033967836812	3.9847316111008695	4.429527675008022	3.8396108083336413	2.4923900263534424	1.5259999999999987	0	1.5259999999999994	2.492390026353443	2.8401484545335793	2.463300737171003	1.2642873939285024	0.6725091390054487	1.4253961299351332	2.0070749690522223	2.104043919960447	3.509566242761801	4.440411717337417	4.787608617762145	5.295374109124353	4.40336053759622	3.301289866991138	2.8095831405148646	2.5162676413242284	1.4810106694699465	2.1513124897579674	2.478790467004219	1.9878645130439145	3.3824394992781426	3.8989492909425207	3.3715253035599826	1.9616300614800208	2.3945700138209096	3.6416773477816737	4.597690354334785	4.939068189607642	5.645831988768322	6.789255345324587	7.883130701088276	9.006040135120653	10.014731525305578	9.504577212283541	9.318182103046235	8.07265260468242	8.243482792310276	9.692284527477442	10.096986534185335	11.587366476310423	12.41885752733668	12.166314551776317	12.448149687935832	12.14007256140162	10.656171133949755	10.223543279118795	8.73783879966141	7.990405111503547	8.33575669965253	9.84497439732061
7.1274413257298335	8.213341947342094	8.314069772642732	7.057517075193225	6.880703125046282	5.655778921967755	4.409739312843204	4.860986266892809	4.200866004863797	4.551022510847018	4.333712226983381	3.009917583992658	2.9212973579161012	4.324229830961953	4.6757975687823095	4.374931292449536	2.966503166008795	2.4923900263534424	1.5259999999999994	0	1.5259999999999996	2.4923900263534438	2.966503166008797	2.446098376755565	1.567992044844783	2.2949873850802978	2.4838404380139263	2.8061945437073983	3.768766623365285	4.76971747517708	5.52964055223909	6.145378149915068	5.31291185961735	4.507218446912437	3.892833518965176	3.0076657922272614	1.7414821966939085	2.760277511449839	3.6966860653333495	3.4593196210072983	4.894595137047398	5.307044419614988	4.601032378604097	3.0847442719526725	2.9118119318944546	3.8271390161353573	4.407561570363448	4.921513455794946	5.972105657432893	7.011804907599438	7.923947706354201	8.969257219310649	9.813964236714053	9.09654151605297	8.781502009502645	7.619798143731242	8.067364039038711	9.521224427883514	9.780799303713424	11.292038114442773	12.054126424523767	11.902675091299932	12.363674794627283	12.17145581817289	10.71129741645064	10.073947965969557	8.584001141129873	7.957633711285753	8.131265391065488	9.64584013741165
7.911019322532658	8.970696285972261	8.850849067159867	7.512985041642982	7.499147879819102	6.226867179173621	5.170172672140831	5.95254008806577	5.474353048089989	5.619375080304367	5.044545273701562	3.5456464516162987	3.4927318687200586	4.572709965339442	4.419014168859704	3.9909800244503484	2.6096558434370962	2.977470861068505	2.492390026353443	1.5259999999999996	0	1.5259999999999998	2.4923900263534433	2.820316387692805	2.317220647215366	3.5764046195081947	3.948519759507245	3.932096581361385	4.825364523941474	6.038698962435071	6.7991528781709984	7.193704937884381	6.13607203676661	5.380105799112329	5.105568318328025	4.297698127263386	2.8212708674423985	3.171795485588213	4.196440582828503	3.9790736148867234	5.454206027022775	5.855978824609715	5.386784114781407	3.902045905631321	4.060749099955466	4.674117338259544	5.361183313952888	6.155491854553872	7.193508301275869	8.071650194423835	9.03190571121081	9.931142896112208	10.787780370061885	10.042481665862734	9.528319388054912	8.31691901646709	8.829605111036178	10.200575802718705	10.254237469590285	11.727760796929154	12.587178817954428	12.606841693880218	13.093075979082206	13.049249919005437	11.640420189415075	10.981116159231197	9.542924427261134	8.805656518384119	8.747132429260633	10.215663767530064
8.087598748303982	8.938118778796627	8.604910046168483	7.154280600659726	7.033707612282903	5.648912481176341	4.920887503527793	5.9419791717082315	5.852541391137278	6.154176009506789	5.3831407067309245	3.9950458918661114	4.463357343635364	5.5198199629927265	5.182561836462822	4.320004967505272	2.91091233780023	3.4720054068542536	2.8401484545335793	2.4923900263534438	1.5259999999999998	0	1.5259999999999994	2.492390026353443	2.870645894062016	4.219327522020173	4.410089156704973	3.837754777371171	4.633736040163018	6.0469910114587675	6.694154397329366	6.758618434888513	5.492387221888268	4.900943294901991	5.064592927408242	4.392909116000914	2.892283708959194	2.4611493359326753	3.5259142119460996	3.7071608255452877	5.172049476282818	5.885664981983216	5.790806647899071	4.433776317112946	4.9728680577077125	5.812382683419709	6.66672038968138	7.332468144680398	8.251246418165927	9.235585230032143	10.272089427562632	11.241143667385115	12.155208780876464	11.45799501789297	11.003615353761232	9.773900177085673	10.20204596809701	11.580709848940577	11.673323574504446	13.139207440134076	14.037936006140539	14.0319634719243	14.45320484751708	14.35700409612268	12.927149046955918	12.346414719683327	10.891874946556564	10.11737419771195	10.12762586632857	11.599949704991127
6.869095484550355	7.605665833151242	7.159791335016718	5.687884885279353	5.6323707025887595	4.302737061555593	3.716535960658589	4.960420175208249	5.135998418357256	5.348253257602234	4.362763915035512	3.1805223212556797	4.11698473066079	5.089382018692496	4.758492027648476	3.585328810401264	2.2766606019931537	2.7873103684738068	2.463300737171003	2.966503166008797	2.4923900263534433	1.5259999999999994	0	1.5259999999999996	2.4923900263534438	3.8356769272657267	4.265935812429475	3.5612694004107306	4.659428769017668	5.990980246863921	6.288390833468279	6.2281547025656545	4.878265214329074	4.035018042725938	4.446728757838593	4.250477937675743	2.927724855918354	2.085453558127817	2.466510239827541	2.4761469630801733	3.8140185045837565	4.609160398085609	4.808353830799562	3.688066154929108	4.644131076196717	5.586476028877533	6.703755621415114	7.296307502075824	7.959707283991635	8.973732438443685	10.157114099508826	11.160398089153263	12.216863471026718	11.694742289711234	11.323958631172548	10.00638749860501	10.20868151094314	11.573110364728151	11.772185422102394	13.217676543317356	14.190533203342738	14.111571714202487	14.374645867484276	14.198246297158903	12.759361526353135	12.352469921184726	10.908993589961975	10.017024394301654	10.141171297969164	11.604425755809936
5.737529540712012	6.531523878843031	6.3288242809019035	4.925094856187026	4.716445216912102	3.4080157766971007	2.448706049945276	3.5110674922165397	3.622610887622152	3.984370974061742	3.2267966275751925	2.2208805043250246	3.335476825654338	4.539796218476422	4.669842244355319	3.6825791179008225	2.3533908644712063	1.9069648051799788	1.2642873939285024	2.446098376755565	2.820316387692805	2.492390026353443	1.5259999999999996	0	1.5259999999999991	2.4923900263534433	2.944730065905549	2.377595923084971	3.749497023451401	4.866562569214625	5.023652679695408	5.168005413666638	4.002886632257401	2.8890668341139563	3.027475674188079	3.041162096670592	1.984048589729773	1.5898784108317083	1.5634635892942594	1.271581467839544	2.793078875861253	3.6361938910376383	3.6303861130844495	2.502801626837064	3.4475910371486354	4.632129422839262	5.748232714850875	6.116257887007029	6.680770028721426	7.809437281858685	8.98754177190469	10.09396657352464	11.167377062613463	10.714888168146683	10.50596787982491	9.215688363597915	9.31588017726133	10.727929813533091	11.102246623799193	12.567599856349448	13.473300242471371	13.250436084075753	13.464058166833436	13.159819308934333	11.687057180092086	11.336409232961804	9.871207991958656	9.038635225166699	9.357811300272537	10.84454543575695
5.667008053809751	6.75288696574979	6.804960842326009	5.575962836511536	5.561014715867601	4.476453386476751	3.1555901662220602	3.8016945117985927	3.2753900151417605	3.350297676959515	2.836310619828222	1.4872368407377978	1.9777757151290787	3.365353249143254	3.766617828749139	3.253668603698715	1.9489358927078364	0.9893674383227169	0.6725091390054487	1.567992044844783	2.317220647215366	2.870645894062016	2.4923900263534438	1.5259999999999991	0	1.5259999999999991	2.492390026353443	2.772725419281661	4.168728403743989	5.0679793017145	5.398283667776141	5.933595307139884	5.0342413650017015	3.8651607270531176	3.3753927332236837	3.148862993511081	2.0963154166553974	2.686938248593587	2.937343759359482	2.1503483634928173	3.475973173529788	3.7571042950023656	3.1569603140595937	1.665554016044998	2.1775488208102822	3.2215454053964163	4.280597727611986	4.809326356706309	5.502356597987439	6.533783790498128	7.675465329358715	8.71884367115329	9.762038658815753	9.275341786350676	9.00603279727562	7.707400139446211	7.8625749126137086	9.280844546438617	9.624814992061863	11.103796517606806	11.984761777278528	11.7883145630015	12.0596272467673	11.812705436962094	10.349663242240736	9.924628249166167	8.461815447284785	7.6346831573307234	7.894493260777054	9.392322925682265
5.083738654300129	6.21560060023727	6.5913559505800325	5.555591657930397	5.370956217509846	4.475532431183617	2.97837451374657	2.9619511903973192	1.9847418879643082	2.3353080122785266	2.570409086868843	1.955083008037772	2.1830251634498246	3.635926476260307	4.547081175258435	4.309654303873461	3.295685604929856	1.858205482816721	1.4253961299351332	2.2949873850802978	3.5764046195081947	4.219327522020173	3.8356769272657267	2.4923900263534433	1.5259999999999991	0	1.5259999999999991	2.492390026353443	3.836905667609777	4.288136153782382	4.4923384158126565	5.337775342976224	4.807481568527825	3.608915929204096	2.5860013755029136	2.5493990754295486	2.2955233526641323	3.325415969657897	3.339492805629146	2.5917908259463123	3.5252533099100516	3.6883783652052773	2.695197733942217	1.472185138569086	1.2069351403928352	2.699761276102997	3.5690986668593103	3.6654327763785153	4.263219222511907	5.485119821803925	6.569378526542711	7.762135329498614	8.790724402865896	8.37043497385493	8.326504011511656	7.111721858276219	7.161568468490185	8.631408368327564	9.194661230813075	10.680288809038766	11.445968014702004	11.070378486680285	11.304324329655815	10.898063329619802	9.395877211425852	9.015210397357086	7.526593227861541	6.831346519351193	7.356770613722523	8.860496533841927
6.055228483570246	6.992093780394121	7.402503032787017	6.3284760705490815	5.783009224838467	4.731932611023211	3.427643850225589	3.110483741748691	2.3570123386158355	3.411403372984521	3.880513783255052	3.3563621828869574	3.628601750876939	5.1206451444973	5.981222834802474	5.6522515079418145	4.433618543202417	3.170184418458364	2.0070749690522223	2.4838404380139263	3.948519759507245	4.410089156704973	4.265935812429475	2.944730065905549	2.492390026353443	1.5259999999999991	0	1.5259999999999994	2.4923900263534433	2.820316387692805	3.3067519979170483	4.274240098897218	3.945183245972635	3.1403710723286413	1.8820203500818606	1.1984130808926226	1.6807471695784235	2.989458123828449	3.3152200871536435	3.25815741583676	4.250469025335817	4.80235799602767	3.987240308116502	2.9336586828004787	2.5036748987403428	3.95396519188221	4.408101828634538	4.126509642159119	4.88671306363064	6.271586440705031	7.123042995964862	8.443873325045908	9.303305509053864	8.750311179100079	8.85501224925449	7.816639884309507	8.01122084045674	9.52449797353888	10.154262341411743	11.65802663057663	12.28099859310064	11.821508918222086	12.14941184574835	11.655131668047224	10.133701799282315	9.654936834542623	8.137422058177414	7.692517135160877	8.321316757633662	9.82875153748453
6.400669763902289	7.09242337709597	7.244236426695694	6.001499360097682	5.256032931164268	3.9617090837344864	3.0109419200602208	3.0859368955421735	3.0839377045840837	4.2384874459187545	4.316803262396205	3.737738750169804	4.460304282291877	5.9305491573585325	6.508119911039577	5.8312506413933995	4.486197790855165	3.502850957314561	2.104043919960447	2.8061945437073983	3.932096581361385	3.837754777371171	3.5612694004107306	2.377595923084971	2.772725419281661	2.492390026353443	1.5259999999999994	0	1.5259999999999994	2.4923900263534424	2.901943928768859	3.343843570616379	2.6321883502144052	2.0398582423412885	1.489024244564826	0.7643902716009742	1.139847177252314	1.7753001255822525	2.1918121258874175	2.8098560916388093	3.9003661945469768	4.891966468310211	4.537031393561425	3.525670004246681	3.680365228089249	5.165731071384977	5.819074593775602	5.6388487430638286	6.314794730136239	7.702569941248182	8.617326246046387	9.934997960035197	10.82396943765333	10.270494718629793	10.339316935949867	9.27069920870238	9.464278093769508	10.967847454376566	11.54846670330479	13.05308230317078	13.732077664320142	13.309698327282483	13.612281660631204	13.122946510471325	11.601580749635762	11.161305603289488	9.646479534405334	9.142680611325458	9.724266544378116	11.237842661957805
7.705272412392587	8.279686311728433	8.46535450225423	7.251832082667824	6.302671706810823	5.0102959010255965	4.329516751011503	4.187593706511316	4.243069736687418	5.566090430579048	5.805695256590396	5.2460002577631	5.842916648892924	7.347753117074566	7.934307952613599	7.280271193292586	5.871830971264004	4.980612207158854	3.509566242761801	3.768766623365285	4.825364523941474	4.633736040163018	4.659428769017668	3.749497023451401	4.168728403743989	3.836905667609777	2.4923900263534433	1.5259999999999994	0	1.525999999999999	2.492390026353442	2.8401484545335767	2.4786484739339194	2.784671943404786	2.405742202114814	1.3356699196675883	2.167092275219194	2.626539882577234	3.3111083770112217	4.259497808003542	5.26089315764517	6.345457611054663	5.99504574138286	5.013371323635144	4.952072448481096	6.405668331092053	6.814242750563223	6.454079188713924	7.232376674155757	8.673643703583188	9.405692495093536	10.781144385670915	11.522098006087361	10.85860382319507	11.021205706833229	10.100075767904665	10.413932643748952	11.936755514914823	12.547290650691966	14.061040803881488	14.624720355892228	14.152705776298372	14.542628122592744	14.003783936290455	12.481303906134613	11.952395063413686	10.435339411467362	10.116901723848871	10.746124035252175	12.255151599900191
7.736219063264583	8.260887797273138	8.682557044117123	7.661022434910001	6.603918007960803	5.552148803535875	4.851252637594068	4.209374756736357	4.1522042347338575	5.623740736121394	6.222705034431167	5.952169499894385	6.439345369895337	7.921117690397434	8.736666832954137	8.22297976603511	6.913304356359879	5.786581613675723	4.440411717337417	4.76971747517708	6.038698962435071	6.0469910114587675	5.990980246863921	4.866562569214625	5.0679793017145	4.288136153782382	2.820316387692805	2.4923900263534424	1.525999999999999	0	1.5259999999999987	2.4923900263534424	2.9774708610685043	3.345628352651109	2.565600063818204	1.9242449561191348	3.3189465479272755	4.007619982959629	4.356888357701483	5.111953122118352	5.8382648304439035	6.797912955046444	6.3050625721170395	5.550807629396265	5.245749071813499	6.676550058067449	6.889904929088357	6.19877387934323	6.848986325028509	8.348820532416397	8.932452578117356	10.387388501246821	11.051744529264107	10.442760947820801	10.812596739687962	10.019379883365877	10.264141794672396	11.775328400107842	12.540964329973367	14.028238014885384	14.475377084055335	13.857338082927733	14.220251278900976	13.547118071742245	12.033287323863645	11.543352850907413	10.06139675908459	9.906334469692204	10.716441903839556	12.181948145548265
6.8528226067345095	7.16686224970937	7.632178028475761	6.747878449836266	5.554931083694642	4.732930712120629	4.2547171009166265	3.369225168828588	3.7038926396950425	5.225697299346942	5.862135072438438	5.9473846300237305	6.660199069342617	8.040252856221477	8.901284880049971	8.297203676606097	7.138486681721147	5.91468756915577	4.787608617762145	5.52964055223909	6.7991528781709984	6.694154397329366	6.288390833468279	5.023652679695408	5.398283667776141	4.4923384158126565	3.3067519979170483	2.901943928768859	2.492390026353442	1.5259999999999987	0	1.5259999999999991	2.492390026353443	2.77272541928166	2.1716031521993995	2.535569464906048	3.9844923543706185	4.39130871675106	4.19765723102829	4.890965289527617	5.22262217626058	6.209610875602433	5.901839480633422	5.498086418794876	5.425922004584759	6.893234242800204	7.287447909718884	6.504236963754456	6.824493425491953	8.347996934615441	9.041719847827686	10.526474752046095	11.313579248837167	10.89928297046918	11.35836824943757	10.50385588777221	10.531032390374584	12.007462899986454	12.880322012433684	14.33329262687342	14.829717152961322	14.1309166809989	14.335555488654071	13.562067691936354	12.053853162093976	11.752184681295429	10.30773664023275	10.06796976613644	10.999796690100174	12.433436521745602
