0	1.526	2.492390026353444	2.9447300659055498	4.316884908478007	5.280558468266649	5.194584645512739	4.014132556856412	2.7687030558626744	3.485654525437071	3.0540056533178106	4.456415842123196	5.116413072222049	5.212260911833185	6.362244849613844	7.570361638330748	7.439243862680595	6.300102763361959	4.954864126475204	5.332855487217373	6.197392942667421	7.515919599731936	8.54527816075233	8.849090815978458	7.8249324233442685	7.860736936402859	9.34964399226005	10.20274532336621	11.65712549437732	12.150383279731058	11.354903937913631	11.213855213320342	12.65029669867	12.787425777687682	12.315009383201518	10.801346342047003	10.414353232264887	8.910755715636801	8.303252536790918	9.066307813466116	10.522350649854326	10.745570626676242	10.637282091037736	11.703980821813715	11.522359734725395	11.81922344762238	13.152122372956619	13.227469003252674	12.90568563446775	13.910167717288353	13.89567572510759	12.669002218568279	11.403958909394888	11.36934521872366	11.737485258071688	10.690846085555645	10.695001051787044	10.28872166300613	8.879605910544688	8.687795042430954	9.707540595335502	11.03263375259055	11.516572615041653	10.500341585554352	10.473281542786655	9.846343646514018	8.340994238790426	7.930774209775926	8.412267018138754	7.715831378471429	8.579925333153463	8.093695628648453	6.756119570692108	6.743780410058655	6.670964576588352	6.9921540640825635	7.642048093611011	8.872338433305899	9.680043807199018	11.062598262645363	11.07269436456094	12.531151013880047	13.42624050472527	14.875680762129058	15.83373752024589	15.641322825914505	14.271566481608632	13.201766267925247	13.514756932336873	14.860084775513112	15.904362030320987	16.102189494536553	17.368338014842145	17.369257864774	18.71581645818122	19.834859673711097	21.16639273484264	21.154819911377416	20.6563087919488	21.554061477014315
1.526	0	1.526	2.492390026353444	3.840595147526599	4.981680819842282	5.339624645103833	4.426585532404952	3.23420507549266	4.154043476322011	3.809214505861293	5.254574664942301	6.177758312210541	6.224496320443325	7.501904583329019	8.673840545217075	8.568893813109622	7.318960855573827	6.084167620023606	6.444946582776781	7.061823242506272	8.42041878581322	9.269106690054311	9.521461529493997	8.366950439191926	8.163326558349455	9.596153625362604	10.480029608556487	11.927452419146706	12.24888762758584	11.393350348351351	11.408136422645105	12.878650390777574	13.16803009601256	12.682131827536638	11.161628129930465	10.627851331924534	9.107236430987697	8.74333950666445	9.637611234406332	11.07968047093622	11.36119062566845	11.438686512288951	12.56090937065332	12.33004366916453	12.458175770305681	13.763867497298909	13.9087318336004	13.735194641795973	14.786745086552855	14.899477998881363	13.720173674210443	12.419045442396834	12.231250740619856	12.557577048348998	11.549153807233022	11.715257451257301	11.382569515902123	9.941349128661292	9.821384062180062	10.746155155667362	12.06756914892458	12.675392479132757	11.731947063220272	11.644675929674202	11.080947729663462	9.601495652024585	9.23775766854166	9.592599942591745	8.742282061079546	9.450995217163653	8.752409860648129	7.3874986583107445	7.0608990121909745	6.850420615818767	6.834307450114705	7.374634867304066	8.747391006105776	9.564588323983898	11.008070492431363	11.201853662825638	12.675693259940001	13.578937492106512	15.02146561586047	15.98818593808624	15.920493849622202	14.566431150069157	13.468966568221697	13.62143839477474	14.967145082087399	16.070250428580138	16.19270925204639	17.502288890109444	17.63481227977047	19.008547962896824	20.063126420222137	21.418641257575533	21.392077370944346	20.793708783461184	21.61860229014115
2.492390026353444	1.526	0	1.5260000000000002	2.4923900263534446	3.834285011674591	4.428764454450212	3.9126251425755645	2.72082207473467	3.5237130655487636	3.407754289393548	4.812232532229175	5.874128662131364	5.789133514477062	7.18091174021524	8.263804040999569	8.249133367549932	6.947346033779695	5.85542584748124	6.126141249898575	6.420012790205931	7.7763479190882325	8.417636710481446	8.633917458963547	7.418049441442996	7.008466062770791	8.373955059481416	9.302303837070982	10.7167155920759	10.927013844532128	10.030531445378694	10.126035679941765	11.608099770077255	11.99981338149974	11.541195035529846	10.034454338236818	9.38307784345492	7.867070553895701	7.67082362684899	8.68309187856462	10.077015639567923	10.379274179566568	10.625868437210297	11.79979241795154	11.557573954006102	11.532347256514624	12.782957276804241	12.962331365344903	12.930654518425676	14.036829983096128	14.290751032146055	13.197083934987893	11.847576922969427	11.497651419408239	11.829016711143549	10.924598147450851	11.268845202915344	10.959783594278715	9.483992381511422	9.425338614655756	10.208723795415558	11.504916557257625	12.272079941345563	11.461640350060929	11.335456530018801	10.937760719860718	9.510357886697204	9.35224017188677	9.656428369449381	8.641431287778707	9.309594801414347	8.4773418788952	7.243380740065138	6.787317873482392	6.257238943430205	6.119582609059735	6.381239322839092	7.755247547900543	8.725490723330442	10.129414059109713	10.325699390955773	11.757372698710727	12.758833192612732	14.151339693956537	15.202003967203146	15.249499921146672	13.965243703387344	12.773266103569618	12.807827182887735	14.088205514713827	15.276488769715277	15.460852632901808	16.830080133004795	17.028132320370243	18.449469681011422	19.427615703618013	20.827726085324013	20.885423697444786	20.268990569333006	21.016677001870114
2.9447300659055498	2.492390026353444	1.5260000000000002	0	1.5260000000000002	2.492390026353444	2.9995490244114458	2.5371084177082546	1.7514962610863578	2.9358724425902065	3.4955759092964334	4.92223638852519	5.6975268255692875	5.2196525797066595	6.491257606325031	7.683711560766973	7.945286744038932	6.810539407820825	5.638141360449034	5.522728803484442	5.692632614682968	7.151369640983467	7.715933558046924	7.693462243700676	6.365087517433454	6.081020634055065	7.487959821790366	8.237633073077891	9.705121775677647	10.008356038941352	9.275478133250218	9.46558024381605	10.978668173692807	11.428278849358694	11.153730182520453	9.680527669066413	8.918665758735097	7.405068602508086	7.128746017074724	8.284899911988088	9.588441437443947	9.680678478982086	9.909635179458212	11.192637750036994	11.135613847905795	11.133214686704068	12.289754698335823	12.309113647513126	12.284972876299472	13.489621156174183	13.751162309103478	12.745510216251299	11.32469893254568	11.002673791166144	11.51797872687124	10.757516903291908	11.089452787123864	10.59845443925917	9.081797015004687	8.821767818303593	9.447699997170572	10.819821985132286	11.650699083325256	10.96138043711733	11.01004383816483	10.769233862321565	9.340973561497863	9.379531703259486	9.879057032255453	8.934794808581403	9.780732037481927	9.070351647516592	7.96537552856353	7.692063673232303	7.020397866413989	7.040858322161491	7.0943866197146646	8.343865981110605	9.48107094778095	10.788801536394747	10.825279337416351	12.184811930129591	13.304740805854365	14.64083285771662	15.784753001648307	15.84767199291976	14.621845202402751	13.355616365610887	13.402787182184625	14.602489934135159	15.840206172422796	16.15627962287697	17.550717245977218	17.704768806349957	19.148711474285186	20.10662372233884	21.530149364120064	21.677717597705204	21.120962592250418	21.85208771919355
4.316884908478007	3.840595147526599	2.4923900263534446	1.5260000000000002	0	1.5259999999999991	2.4923900263534438	2.8706458940620165	2.463171514618582	3.1147686385329303	3.8982435051180526	5.050819965124058	5.86877094076545	5.264857813034402	6.559599495946273	7.587503270033106	7.947916080087919	6.827399502780536	5.891038607435787	5.67219691056218	5.426273006387169	6.801528021328253	7.073625427270502	6.979372379117653	5.596347558221776	5.030368519142651	6.317623266084356	7.098164923545217	8.516486363163864	8.680968949942146	7.916266725198691	8.22669437156885	9.747344841704006	10.327254611973117	10.109057636785186	8.679433281144798	7.7646094324509605	6.286757020522803	6.23535639293385	7.527969608287027	8.727669658182403	8.822221105106019	9.254471500367615	10.58134772522064	10.52436029117405	10.344957004712235	11.41184114055368	11.45963173414851	11.603199657369599	12.859855244318297	13.276750268134288	12.384144253269808	10.933082380602425	10.434068723392011	10.956907040800152	10.338348060145828	10.855310190740981	10.394940696147803	8.88369641933424	8.693425632774012	9.130476024661645	10.44208231846331	11.436692527132719	10.910239233956089	10.919527523419292	10.860722260674187	9.528321420430066	9.766907703639259	10.201599900679627	9.13384331006911	9.915606693415135	9.108145557653383	8.178601723272948	7.812784865761425	6.8722524742941005	6.79338509725426	6.521963829913593	7.680997852638368	8.957436621767371	10.16937947029031	10.188638371954834	11.464032875649764	12.67799846307992	13.935828975387231	15.159026490579613	15.339373750243753	14.205201298158748	12.859119318482248	12.78562092649238	13.891119345100162	15.204487138221403	15.590072704203937	17.030014800535294	17.244734152666684	18.723351762537106	19.595932352454046	21.054425695606103	21.289157147537576	20.722373911750164	21.371619512362397
5.280558468266649	4.981680819842282	3.834285011674591	2.492390026353444	1.5259999999999991	0	1.5259999999999996	2.4923900263534433	2.944730065905549	3.6643686709747763	4.846927698909187	5.905770174660017	6.416297257187786	5.475115118796113	6.52811001365535	7.608980125652645	8.248128349948821	7.346649160932247	6.399906447939286	5.813309303524602	5.406491776285605	6.793484679807315	6.920010346028928	6.498857507979796	5.002252013365988	4.587641793266108	5.824079341961745	6.3042673325285055	7.758900009429551	8.006219710158192	7.483467348566	7.953881095528833	9.473922079960545	10.142226935061881	10.151774729871374	8.810572893955609	7.77364070349532	6.382836546954332	6.284769678373579	7.69391929044099	8.727966104651268	8.568281604550481	8.996973268181659	10.424036654229072	10.576724286339578	10.40744214579113	11.333271029960867	11.199076213643298	11.37120909896313	12.7240591625921	13.15641093781781	12.383323859076443	10.882893037196599	10.412266362768925	11.12185638165379	10.676019710360208	11.175647502675115	10.543191185920474	9.036985732175156	8.637778558556702	8.86063926398866	10.220052662916794	11.276178652359249	10.903143963180405	11.095186416857056	11.196729474242323	9.900448649141182	10.307855660224952	10.903848500820605	9.928256335524532	10.83624961525736	10.144857523142338	9.320794712271013	9.08940527103768	8.099163459983066	8.120748144729967	7.724042737706592	8.746968171861264	10.111372889062647	11.220021414769633	11.116479707990804	12.298284092446416	13.595786740464304	14.782111551920199	16.073844708589867	16.274552674017368	15.204868091188661	13.813028753506618	13.741221347370244	14.757358800717707	16.10259238658728	16.5941726548639	18.044968227964983	18.228489804735506	19.716596076748267	20.56091410301689	22.032429827631223	22.343278569835384	21.82404406326371	22.45015276860429
5.194584645512739	5.339624645103833	4.428764454450212	2.9995490244114458	2.4923900263534438	1.5259999999999996	0	1.5259999999999996	2.4923900263534438	2.9884874391429905	4.436161784923001	5.364223552148151	5.529247264626865	4.362888226595854	5.21414544720811	6.367554478598605	7.16094706196168	6.454886481615242	5.461499044258728	4.614403038670366	4.240519881743124	5.664334369326244	5.910003019512553	5.392830084069704	3.915437999825244	3.930368804095442	5.309838749108036	5.677108930004136	7.196012022865966	7.723756200711951	7.33378560675504	7.618789270907199	9.111159786069418	9.617027624201274	9.701743635212038	8.375498262954615	7.474918234354491	6.1062742404744315	5.6707686740134475	7.008388890589696	8.02343051020596	7.705913100478157	7.934768246082922	9.377092461615435	9.660569825389121	9.664015715441025	10.587215868621389	10.317587418555876	10.343147831384819	11.702677922838243	12.025251873383953	11.24764180737147	9.738286063869708	9.41220330672819	10.244146334254369	9.828721067878064	10.1934505546902	9.418938544625142	7.920597145263669	7.356345071916453	7.557418243839741	8.974275397771647	9.97235905341035	9.611706120027577	9.933786614411963	10.080017795241487	8.79320467592023	9.291474782607253	10.03795652781532	9.201064202412729	10.261610892977318	9.76463345963373	9.02200320639705	9.041982602246915	8.128233236232235	8.430146327916345	8.129405315500806	9.014018191644425	10.379982857202902	11.42298023431392	11.127186821800553	12.278032897629087	13.586580359110684	14.766708819320518	16.06500559270046	16.155962266597296	15.087111391200901	13.70761949180588	13.782315563402056	14.782608348604779	16.079807641410774	16.66166799130943	18.075678369751415	18.134055636018275	19.600381377099428	20.49681981642855	21.949642673345735	22.290033613899876	21.869477491160907	22.557386743723804
4.014132556856412	4.426585532404952	3.9126251425755645	2.5371084177082546	2.8706458940620165	2.4923900263534433	1.5259999999999996	0	1.5259999999999996	2.492390026353444	3.829132823513893	4.968644066462951	5.048728659333676	3.993525181388746	4.833279983824476	6.193580619370957	6.864958642013828	6.142888719240985	4.888126884149104	4.118763437502465	4.277281659929626	5.79558542368366	6.408283822965292	6.062255188882373	4.737436881794063	5.016591730548901	6.492912336778123	6.913294930807633	8.436873993058493	9.07695292561488	8.654180377759442	8.773452155166542	10.247454627742846	10.592860655046092	10.57382892245294	9.189669749421423	8.474494098306224	7.052958848952517	6.4046958511727485	7.564018667512175	8.714903829710536	8.448267109450905	8.445995186369855	9.811434160707195	10.063779389990437	10.258766026861693	11.297318044030689	11.029078618944613	10.863039911869576	12.144443265975385	12.292694786116297	11.378445706772716	9.910404789972201	9.779039950620335	10.577824581347867	9.994489765332435	10.161701354100485	9.363540466602737	7.857555587593964	7.2299546950647064	7.679801619242569	9.155081032842494	9.957459733256293	9.39900589457515	9.753456139611933	9.699388412731887	8.30540052884707	8.60768118205831	9.436066280677254	8.72924283527719	9.86705934116532	9.477884901882488	8.5903079745312	8.724521976231179	8.042173393483612	8.455013779877898	8.429536630833844	9.400961880639068	10.65002717845002	11.785059799850487	11.49915033747853	12.73931337545262	13.957558868137635	15.219858067834274	16.4414184173076	16.41145136523512	15.25118786975608	13.947192933915996	14.145992444302435	15.24316818860234	16.4657706641111	16.98413122623056	18.354266339233522	18.346197922506718	19.77911437847904	20.76338887305453	22.18213648962225	22.439720844905214	22.036060860027437	22.808560555016236
2.7687030558626744	3.23420507549266	2.72082207473467	1.7514962610863578	2.463171514618582	2.944730065905549	2.4923900263534438	1.5259999999999996	0	1.5259999999999996	2.4923900263534433	3.8396108083336427	4.252540298225073	3.6153115796850157	4.798094063569744	6.0687745626809555	6.404460242630334	5.416088217080449	4.129642224138873	3.8446443020241863	4.197444690394009	5.689850954010624	6.447185069234399	6.45760193953309	5.254019129483952	5.309749294060574	6.819094690223302	7.534456256312432	9.02217056087484	9.561084351047858	8.910008441831595	8.889855238635318	10.365024988919625	10.629616023551796	10.390892706457059	8.924586228244012	8.33121704809933	6.835724824593217	6.223472286165617	7.2596759224782055	8.575809769626408	8.57114599693905	8.591383254906967	9.847681816568402	9.874211437855488	10.055262294596261	11.234296305885566	11.155729147665117	10.972863405505763	12.152947796052656	12.295278912544987	11.257786470676304	9.843879994944897	9.670740738518715	10.270544144674854	9.505869925082505	9.691553190892542	9.083656200384713	7.569455158094755	7.196207850695158	7.881937310919945	9.287059656679252	10.032925461331374	9.310353748930599	9.448461962649509	9.218108023761209	7.776277268348432	7.889492473644964	8.545612170362048	7.73515635349001	8.765161021392727	8.277010377802604	7.273951418402073	7.329159695014177	6.732085819465699	7.128171446800894	7.2667376945853395	8.322938826634008	9.472715049674123	10.689068481164162	10.492446657696938	11.81611568904532	12.950387908965153	14.27895004211262	15.432190536800185	15.370558369387755	14.147374596938931	12.891598592742865	13.107941528353145	14.28744445362246	15.471252582351813	15.895886972049029	17.24929893330531	17.258848717445005	18.67990787336728	19.695448094087173	21.09937944290573	21.286154358035255	20.845705837281603	21.645273447969124
3.485654525437071	4.154043476322011	3.5237130655487636	2.9358724425902065	3.1147686385329303	3.6643686709747763	2.9884874391429905	2.492390026353444	1.5259999999999996	0	1.5259999999999996	2.4923900263534433	2.870645894062017	2.3172206472153665	3.712219861172705	4.7918072131205225	5.018936947436754	3.9642357750264634	2.8242026278223187	2.6955095843589536	2.9318188704919526	4.339641271933124	5.154843722625886	5.418268439643314	4.421832434724776	4.467131490057762	5.9586612402677686	6.8472534414064095	8.262245355702534	8.843055761853496	8.101447820947577	7.863691716198507	9.28493024136898	9.408182622364583	9.079879059409159	7.602463323819701	7.167141172501215	5.6946708804358	4.939154865517604	5.840363132406864	7.211235094207441	7.316110726421217	7.311727403511632	8.493313393737074	8.425130528050135	8.627560747522073	9.862662192729367	9.857607712579098	9.64704038953706	10.770052455459892	10.925411217807863	9.859159607766397	8.466470760070873	8.252841085464649	8.783877233506113	7.989156724148366	8.211682280268239	7.671969599290332	6.157954618216752	5.9453983219925615	6.69588370943993	8.024024431587339	8.789512670270266	8.057969434014218	8.074814468431363	7.881815058313119	6.4883718986804055	6.712090037858312	7.296102221564259	6.409856364864106	7.448437528290956	6.9928539200681366	6.147246798692969	6.334925664923197	5.6690571349319026	6.28651202787987	6.404869276798291	7.2772736675001335	8.435078687962225	9.557464278192208	9.221773444500203	10.50933462661535	11.652000004642451	12.962497687015668	14.124059765132053	14.021830319734617	12.823943715504914	11.559289166859932	11.841583903074119	12.994052247731062	14.153497005340554	14.64401748638678	15.98036018498903	15.93116083418618	17.347580726676405	18.36852811465281	19.769016900640977	19.997019343360037	19.613627645397344	20.42643770504901
3.0540056533178106	3.809214505861293	3.407754289393548	3.4955759092964334	3.8982435051180526	4.846927698909187	4.436161784923001	3.829132823513893	2.4923900263534433	1.5259999999999996	0	1.5259999999999998	2.4923900263534438	2.820316387692805	4.272593740773912	5.129249279287217	4.889156949959474	3.5643323153984694	2.514586291427723	3.192446116077828	3.706719440812675	4.829895919044635	5.785433858691655	6.3832826480378735	5.606047816329237	5.526792847720867	6.923319510445	7.988917160481879	9.318511802491322	9.82239155682056	8.918679968127245	8.53131847945	9.88795744969738	9.889452856319025	9.334947845045049	7.826233292394821	7.59343091920768	6.145847262714867	5.43600494365164	6.060411406716702	7.546706968361969	7.9151245144505005	7.877605712036411	8.873382229236086	8.568265805826947	8.799402411322962	10.160975600189905	10.340044986800178	10.074589623251923	11.043980825253806	11.14841099778904	9.955450006872338	8.680478182700583	8.4795029138319	8.768735217154658	7.757988670778123	7.941653597528492	7.637094851278521	6.200818639739317	6.279013814590232	7.2688930568007795	8.463550831107852	9.095529906917372	8.182712821532267	7.9656613801918565	7.533825639369994	6.125008101572037	6.065503816755934	6.41884064900172	5.439862207241281	6.341552460039585	5.8028169054967345	4.787145721504705	4.95351056880391	4.494936889707941	5.199700572693167	5.624768739983727	6.547334364794547	7.5172931532835845	8.721943499782045	8.469309600523626	9.847390839655471	10.85614124621849	12.24411022156758	13.30222685054082	13.125806562397228	11.845334523084096	10.665426720062536	11.013344076171332	12.26549041309673	13.348103833021021	13.729035707071017	15.025232430175294	14.966447067594519	16.354746528312052	17.429280136410448	18.800323465658533	18.939524774495947	18.532955841567446	19.396374921775546
4.456415842123196	5.254574664942301	4.812232532229175	4.92223638852519	5.050819965124058	5.905770174660017	5.364223552148151	4.968644066462951	3.8396108083336427	2.4923900263534433	1.5259999999999998	0	1.5259999999999998	2.4923900263534433	3.839610808333642	4.265948454530402	3.721078286077758	2.2486962402337967	1.7717954102513125	2.917898799453425	3.283156146944939	3.97683820778537	4.972140939920626	5.884920921108934	5.449193856817522	5.377601781425565	6.611527163195445	7.7874251813702635	8.973491476141621	9.507577729979577	8.543969372519918	7.914895512670744	9.147749132099827	8.958958748082662	8.281882307443679	6.8035869730147525	6.829327758777565	5.5123708618060006	4.671230306043539	4.965232846292409	6.479866567645498	7.010912142649194	6.917056456135085	7.744134864023657	7.287591587360774	7.567755391282627	8.994020192496894	9.276012965393573	8.95941875778022	9.813695382141868	9.910528899332963	8.67542579237389	7.478018414515142	7.251572711760798	7.400525369446443	6.308200320711356	6.512659205697816	6.353809486127531	4.988203419228561	5.351285174028175	6.423920352038505	7.448318390441781	8.047473297549203	7.111310928444086	6.7016855836483105	6.272209113143616	4.963274024383953	4.999830835987623	5.192666057225301	4.0863614393555	4.987567568453054	4.511149913110897	3.7485504731009587	4.180932711069139	3.705731569760765	4.766489339518488	5.1994250690850485	5.812782982846184	6.723280201385702	7.780968315248537	7.339616695383755	8.666718413623002	9.656827629199721	11.025138142388	12.07499764597484	11.827238411557477	10.569058217312636	9.396139205640367	9.854222177926493	11.077628825457893	12.109735608675471	12.564282408964901	13.827151650963154	13.684079516473057	15.059713496050703	16.15083010419177	17.511601165274424	17.69196166706816	17.35878656424332	18.246592838972447
5.116413072222049	6.177758312210541	5.874128662131364	5.6975268255692875	5.86877094076545	6.416297257187786	5.529247264626865	5.048728659333676	4.252540298225073	2.870645894062017	2.4923900263534438	1.5259999999999998	0	1.5259999999999994	2.4923900263534438	2.8914291117511213	2.4080589472002996	1.2408429264471135	0.4104747807140693	1.7467820449232072	2.46227096462042	2.96914136620571	4.275884001692475	5.175409437385304	4.979276391619414	5.314140487231003	6.528721728761576	7.530377111134697	8.689769372993998	9.447071066480461	8.66330736399032	7.920748630035711	9.077196355363336	8.731264437259766	8.191263732790013	6.803074420311314	6.96620933306295	5.7746103293275395	4.595737441290495	4.710188255714597	6.122170381628349	6.436362806640256	6.04164739322498	6.836313909646333	6.561527668952728	7.109175489007587	8.49742644399079	8.594792048519546	8.075515970849732	8.920628470011321	8.852945888500752	7.588655152420034	6.377235290066304	6.396650304938895	6.727313239303876	5.684066885542435	5.626134799940871	5.21038754480706	3.8100957378045948	3.9706314099647124	5.161678473454748	6.236037242556686	6.71314541713092	5.724125451748282	5.4878073147193795	5.096664432327938	3.7087325014813315	3.959590082447822	4.5161848395094975	3.737737533437255	4.990016211990497	4.96111631208632	4.469189912542838	5.281797103942282	4.951682905974263	6.161755274371292	6.542979647345323	6.955505345892787	7.857198241193894	8.752166372591809	8.088202132774454	9.28578750094071	10.286962381724706	11.583971244991636	12.642036047335894	12.287576984347659	11.08197773378756	9.9413383601176	10.545842408516013	11.684729509953746	12.65542910816189	13.231972384950643	14.436923218578059	14.152992007506022	15.487377106244203	16.611387744352214	17.941354660162006	18.17412910208481	17.96124229425955	18.893287007162364
5.212260911833185	6.224496320443325	5.789133514477062	5.2196525797066595	5.264857813034402	5.475115118796113	4.362888226595854	3.993525181388746	3.6153115796850157	2.3172206472153665	2.820316387692805	2.4923900263534433	1.5259999999999994	0	1.5259999999999998	2.4923900263534438	2.880995074719611	2.3115247919573085	1.4255468074275968	0.6121350910624491	1.2309399426273844	2.3532030078071453	3.598814387540814	4.103427767440304	3.709841712847415	4.294863239075117	5.612544195382421	6.4165659311170735	7.675512460454975	8.540026355797039	7.933006037888403	7.342395088362236	8.577557359101114	8.368432706067097	8.085121595730328	6.7224751610088544	6.648883693553262	5.419968983339673	4.1634402247177045	4.626928681971006	5.9106756740119915	5.892242915258148	5.509299547525961	6.566516451042618	6.603576713555448	7.112352388815226	8.353148565584657	8.22476212109533	7.761211039942847	8.806213503352106	8.795206900330887	7.686168443566616	6.3143184575107325	6.326876126514417	6.972476197719729	6.211686552636166	6.213303102153712	5.484635831385569	3.97801846445431	3.647485311702582	4.539725215452986	5.850801715363816	6.504318722335506	5.745626668431514	5.852945942225633	5.774381257975913	4.4422756090919036	4.995105973186693	5.796352984174497	5.148998231838345	6.432014852961993	6.387019391230415	5.930170838837754	6.598923011067103	6.05477967507219	7.095722542946965	7.234935858680329	7.696611905480156	8.7869274394263	9.659198526716937	8.976865921423943	10.106658260219552	11.239391436641167	12.467721474419744	13.625672097003775	13.36591820012766	12.236283649113197	11.012036110424534	11.516211009923136	12.569099422201873	13.626620856073316	14.285728368057455	15.538209945774476	15.289806651605232	16.653652115976875	17.718355491709584	19.078213677157297	19.385810227744088	19.174751329858662	20.050830176048517
6.362244849613844	7.501904583329019	7.18091174021524	6.491257606325031	6.559599495946273	6.52811001365535	5.21414544720811	4.833279983824476	4.798094063569744	3.712219861172705	4.272593740773912	3.839610808333642	2.4923900263534438	1.5259999999999998	0	1.5259999999999991	2.4923900263534424	2.800922480963242	2.3115247919573094	1.0916926352769145	1.676864206289123	2.0812279383742527	3.4701651349482767	3.815769838843234	3.822567360419088	4.835179356459176	5.97750861938006	6.52190394665916	7.6752989251173815	8.753761367041012	8.358759396025215	7.671834366507885	8.76669351200699	8.39963539598284	8.274552385117834	7.0755545280012635	7.1444144657260615	6.130114922794337	4.695547224598874	4.922379174245304	5.954516315225275	5.6635162607296445	4.924308023421664	5.912529722667617	6.210291695724637	6.9771055693042126	8.10367608648246	7.75537265719571	7.074245133465802	8.095864715768432	7.9007703522074255	6.822741109275328	5.468685176627506	5.784986370252769	6.640238334547507	6.026044854307681	5.765808186573599	4.732396246060074	3.339118247274332	2.5069306764634	3.4124713385425856	4.8030743509234215	5.305443734011488	4.57903451519119	5.009826615745283	5.082853337065679	3.8615394355336323	4.679872663846125	5.759016082894216	5.45921352166051	6.876051076873051	7.133417215359233	6.868673524696634	7.746542873494476	7.301973561854503	8.452554947365469	8.587586237028372	8.898733633419583	9.953466036474067	10.695728520544895	9.854314366001626	10.859834971665682	11.979774871369305	13.1301605793329	14.280872477122106	13.934270296881861	12.866552123511312	11.686475105980138	12.30311715096687	13.27143631133762	14.263264259417793	15.021367021116204	16.21372298188844	15.845944354987518	17.16243882130878	18.24527988305821	19.569317060610153	19.925919837988914	19.823666812268442	20.732477263498286
7.570361638330748	8.673840545217075	8.263804040999569	7.683711560766973	7.587503270033106	7.608980125652645	6.367554478598605	6.193580619370957	6.0687745626809555	4.7918072131205225	5.129249279287217	4.265948454530402	2.8914291117511213	2.4923900263534438	1.5259999999999991	0	1.5259999999999991	2.4923900263534433	2.880995074719611	2.3115247919573094	2.2332552127960383	1.4038126551308474	2.784266897578312	3.54286216099496	4.107394853713952	5.030267129742471	5.87321167321256	6.484677490075722	7.403950387712442	8.497075006668911	8.077698452126048	7.152433513217782	8.055239136486138	7.460840513913529	7.274970450680585	6.20418311210948	6.55512241943307	5.7912015409836295	4.274479424272637	4.052899523830173	4.933469733473806	4.723302971193034	3.7941546614174952	4.556543157023673	4.790076181439937	5.706011156554332	6.845778139002865	6.544430561330921	5.750710656193915	6.6642119870162295	6.44681726704926	5.32662282613175	3.9847578734032787	4.352411590212334	5.185615836200326	4.6200700342151935	4.320992544082821	3.2372938104602813	1.8469122352530571	1.1624783175359452	2.318956772456442	3.492550947433205	4.016115046290452	3.3248304863451876	3.610117430973463	3.933827791913252	3.0017909395139264	4.202599261078931	5.14701488550051	4.886124403508033	6.238280324926531	6.6365807558373175	6.7029141882769565	7.691198907351777	7.234689631810389	8.498164069854372	8.573975964914425	8.621567835366646	9.607673893831011	10.156785360882555	9.14642738547664	10.007959528421457	11.104962878153984	12.16818631157515	13.310110662880026	12.915710950983348	11.931826344584753	10.77679147667598	11.470421322629129	12.343402937766635	13.2755566227552	14.126630954188007	15.26910663134724	14.821629864089992	16.10827846404388	17.176221588973142	18.479989072490305	18.89988811177289	18.87929880651722	19.787113578883478
7.439243862680595	8.568893813109622	8.249133367549932	7.945286744038932	7.947916080087919	8.248128349948821	7.16094706196168	6.864958642013828	6.404460242630334	5.018936947436754	4.889156949959474	3.721078286077758	2.4080589472002996	2.880995074719611	2.4923900263534424	1.5259999999999991	0	1.5259999999999996	2.492390026353443	2.800922480963242	3.057881375991961	2.298762593338828	3.621537126889997	4.743854425179198	5.259544816660402	5.888776038392117	6.728609600767058	7.57093925077638	8.442211325974391	9.391239169458842	8.77158656595548	7.7296519017229235	8.58076946188732	7.8745835266181965	7.39790687916818	6.285433643810063	6.856947129789372	6.090964583179243	4.671144704615414	4.143143728716804	5.196077252318608	5.405331662405488	4.574254642296458	4.996594587330079	4.785184836547671	5.733068568581059	7.055428502972807	7.045168105849622	6.226612169727487	6.881903329703338	6.607022379510293	5.274214638989208	4.16932159843384	4.514108100974058	4.906485436041636	3.936032382043224	3.5066458556017963	2.8540560561301773	1.5682485272171496	2.0473771404597536	3.44516368343251	4.185580904891309	4.443520916839767	3.399353037061014	3.0951791276338962	2.9530411216006955	1.8481831988322792	2.9484883843234653	3.6815189909133506	3.375070770328539	4.739526250181281	5.25763666795766	5.415441874082882	6.546543166374651	6.285132830115902	7.674098981101646	7.937542140100887	7.916300850350534	8.718978882114353	9.261765710387182	8.249862299245637	9.161394856222346	10.125964014522102	11.252589568727812	12.29486308043004	11.796734950235885	10.74077682181613	9.671682736114706	10.478832123853973	11.430444059695917	12.271429829595313	13.048707726390134	14.140564052776387	13.648103617009044	14.905352018184594	16.036472621485174	17.311306316564917	17.659315024368915	17.64238323602306	18.60777246299559
6.300102763361959	7.318960855573827	6.947346033779695	6.810539407820825	6.827399502780536	7.346649160932247	6.454886481615242	6.142888719240985	5.416088217080449	3.9642357750264634	3.5643323153984694	2.2486962402337967	1.2408429264471135	2.3115247919573085	2.800922480963242	2.4923900263534433	1.5259999999999996	0	1.525999999999999	2.492390026353443	2.791400162843883	2.613297573582582	3.8600580689465853	5.030885557563196	5.1814943053014035	5.4945662080260895	6.49122000483659	7.5398621452171675	8.533641028250495	9.299126953702077	8.491938293631012	7.560040506366505	8.567542165866499	8.044353554092943	7.416272036020755	6.110725659187288	6.52326970754967	5.528600932159146	4.284622240114164	4.007402133835823	5.360429726029546	5.809638283650462	5.343827883904347	5.932356172616431	5.511633345656757	6.136762196539095	7.5651934618800665	7.749000637405283	7.173845678226201	7.897415664116626	7.821919074219264	6.519087840046441	5.38901079995691	5.3928719560709455	5.590658838714384	4.475968520921706	4.415670431605241	4.137485017218204	2.822211942422129	3.3826851618170775	4.619260834308496	5.461252322964613	5.905398376131454	4.91823267526134	4.454376827140085	4.119739391642494	2.901974939830496	3.4037153718686226	3.790711111981993	2.9571544210506	4.212004595820641	4.343503083320006	4.235983798321096	5.211722086576782	4.8837596873071245	6.235362470044714	6.5635210111024	6.70202313115634	7.528894509484416	8.24458093496444	7.409585458150697	8.501184566787888	9.479166987621092	10.721576641038212	11.77058678667227	11.359976685563796	10.206291830064988	9.082698639437329	9.777433410892959	10.85307403648188	11.770650681910624	12.425337053298227	13.590377709346656	13.230467030569905	14.545330222621411	15.669621850635826	16.986063058072897	17.267121437778044	17.1244871911627	18.065395060617398
4.954864126475204	6.084167620023606	5.85542584748124	5.638141360449034	5.891038607435787	6.399906447939286	5.461499044258728	4.888126884149104	4.129642224138873	2.8242026278223187	2.514586291427723	1.7717954102513125	0.4104747807140693	1.4255468074275968	2.3115247919573094	2.880995074719611	2.492390026353443	1.525999999999999	0	1.5259999999999994	2.492390026353443	3.0892068463679077	4.4541768326631646	5.268728519317609	5.040648677311012	5.46486079550152	6.717072191460667	7.659685815075454	8.84792445488061	9.644844442723388	8.905592113896581	8.19075371348611	9.358062439866025	9.018312997381598	8.521401647039857	7.143208456416864	7.283086294346873	6.082295680481511	4.878304164400285	5.028311801464279	6.413482970850312	6.653966025747456	6.201081231129568	7.01449611914495	6.80705194265761	7.402949405680502	8.771008000797536	8.812407530305826	8.252862254797737	9.108101802171676	8.991420844122741	7.723106704209827	6.509443167756104	6.605206324612579	6.990689042513489	5.963526932319932	5.8269784278953765	5.334851279978398	3.9391663524769167	3.9632399138245744	5.178520964569115	6.30292121363098	6.7313060128848505	5.713722230874093	5.56683763836678	5.14456961572175	3.707646567406024	3.9146432973657395	4.587673661531008	3.924408161825779	5.228317601596685	5.261313934915774	4.719682337596096	5.555941031232371	5.282187403968976	6.4754500960567425	6.885536989696089	7.3376603965604446	8.23449989361983	9.147318903406504	8.492972007570048	9.692648573074901	10.68529887366079	11.984308108762422	13.033780985577053	12.662620774021143	11.449709193058212	10.32479146253911	10.943422389652874	12.086552604275628	13.04745254593607	13.618646165543055	14.81470556314866	14.517749231801975	15.842507009355565	16.978568686105	18.300269847167176	18.52252358524478	18.31656872792656	19.260980490809107
5.332855487217373	6.444946582776781	6.126141249898575	5.522728803484442	5.67219691056218	5.813309303524602	4.614403038670366	4.118763437502465	3.8446443020241863	2.6955095843589536	3.192446116077828	2.917898799453425	1.7467820449232072	0.6121350910624491	1.0916926352769145	2.3115247919573094	2.800922480963242	2.492390026353443	1.5259999999999994	0	1.525999999999999	2.4923900263534424	3.840184963965646	4.267000185556135	3.9521034893107374	4.706705941331918	6.004934626322197	6.706855245258011	7.957967828563021	8.899462673742374	8.367204996131207	7.763336529660796	8.965210907698768	8.707722285305413	8.469200584888569	7.149824791729055	7.120816349016093	5.940126893335909	4.628483782262444	5.016091154737305	6.236214466803649	6.1280598846565155	5.604375067970418	6.629231628664724	6.749456822498331	7.369827991533908	8.585451228585608	8.380592006014405	7.820474441366208	8.844497105410039	8.736105079593493	7.6111316259436235	6.261612517097574	6.418220203337182	7.122158695683714	6.368553763594344	6.230355098117991	5.400916148901934	3.9341340862514684	3.425065583774896	4.3802552523408425	5.728688615995464	6.276018961482898	5.469126615922182	5.694703865959184	5.583982424179338	4.224450504965648	4.773589368717883	5.714270041842162	5.224883819943073	6.586132827792605	6.667449824638169	6.213669065352262	6.975995885112418	6.527398228565138	7.609391767640723	7.804443911243002	8.257833410034586	9.313747561691386	10.175382949444083	9.46260284847996	10.576810315385654	11.684873602929853	12.907872970945334	14.04598739769123	13.73784981651376	12.604612728171201	11.41243841099569	11.970699591760123	13.020345350859218	14.044280629210503	14.713277095536814	15.93933921811454	15.645611090985847	16.987618028255802	18.076228986837627	19.41771917266894	19.71868932612526	19.5397234324402	20.44259594437623
6.197392942667421	7.061823242506272	6.420012790205931	5.692632614682968	5.426273006387169	5.406491776285605	4.240519881743124	4.277281659929626	4.197444690394009	2.9318188704919526	3.706719440812675	3.283156146944939	2.46227096462042	1.2309399426273844	1.676864206289123	2.2332552127960383	3.057881375991961	2.791400162843883	2.492390026353443	1.525999999999999	0	1.525999999999999	2.4923900263534415	2.8809950747196096	2.5778280669956266	3.275436670323206	4.499655287621895	5.251474950031033	6.472114988093362	7.388117226713491	6.859947435902426	6.258985754950044	7.47894986943579	7.302095179854868	7.158366202299141	5.853782806962479	5.705551956585994	4.567124496169865	3.2287827205004858	3.817378477164195	4.960543938597539	4.781895803341967	4.488795803821785	5.688625306433093	5.859162674247526	6.2721455451835455	7.408059601444702	7.194134467846732	6.833194592332339	7.993178455498608	8.115185424860883	7.154328696272644	5.693577908488203	5.558200844085699	6.354874507799948	5.832225062288322	6.004353322514362	5.187568202768776	3.6816689705373395	3.281474778639246	3.8017593622914814	5.130013230409014	6.017552148614431	5.5318005320844845	5.706844785519063	5.947350829043201	4.818787688271434	5.6688649795525405	6.434201027728605	5.746359069166514	6.963875595103989	6.887228925839528	6.63353605338687	7.236579577576299	6.493037668342955	7.479139559880715	7.378321217345034	7.697374412662713	8.895834894308482	9.640080257231357	8.86756869317084	9.878545726888389	11.109128942341545	12.243380148485407	13.481935246470279	13.30055186773261	12.27269478879781	10.97985318788749	11.41519366184811	12.35540266662012	13.466710905907048	14.228500735081752	15.506601663287405	15.27395301470104	16.658634719400233	17.654099248736372	19.03769597949	19.43891409538074	19.250722068027336	20.066204482365563
7.515919599731936	8.42041878581322	7.7763479190882325	7.151369640983467	6.801528021328253	6.793484679807315	5.664334369326244	5.79558542368366	5.689850954010624	4.339641271933124	4.829895919044635	3.97683820778537	2.96914136620571	2.3532030078071453	2.0812279383742527	1.4038126551308474	2.298762593338828	2.613297573582582	3.0892068463679077	2.4923900263534424	1.525999999999999	0	1.5259999999999985	2.492390026353443	3.0217918587023966	3.7314090594253155	4.530960810427013	5.284453750922112	6.22529912975934	7.217237013047647	6.715026829355642	5.822110304839259	6.818093817157962	6.366004582806266	6.196221513008213	5.033395107836454	5.224057638928038	4.41279303794745	2.8942034928451337	2.900984059376364	3.8743526764373435	3.7118786376866724	3.175829843773413	4.228988808209238	4.3895985706940115	4.965339347813777	6.111846380871465	5.898210139000628	5.4132030101470185	6.503876705499704	6.6126409716421835	5.652124539673319	4.188388881427173	4.05637315684776	4.897241833111005	4.478598096315762	4.651282487594203	3.789034582189134	2.341516173741489	2.1625126564396155	2.60865653225004	3.7451416350013176	4.70026601710761	4.333178613190438	4.412529787511254	4.908282092428958	4.072006730765915	5.225432815674665	5.914169469274222	5.312394582658666	6.4888979530805475	6.591974444258469	6.676306581783603	7.435143222132111	6.7172390268810185	7.845943312941452	7.703407324855034	7.72561873482597	8.845476870924998	9.374394237641852	8.39777067812933	9.244893499919844	10.458924674365052	11.496056628150939	12.73070836027702	12.488286914725467	11.551224454476294	10.285173123105844	10.816675858772493	11.64938853241769	12.695296553740498	13.56886615602105	14.790401301704684	14.458882145717169	15.808640765500964	16.79421833198992	18.153585351325216	18.62453811644464	18.534503144688845	19.356740400749363
