function_of_improvement=#30
precision=9.007199254740992e15
precision_virtual=9.007199254740992e15
benchmark_seconds=300
benchmark_samples_limit=100000
list_of_diagonals_used=[3, 4, 5, 10, 100, 200, 300, 400, 500, 600, 700, 800, 900, 1000]
start_time=2023-03-28T12:29:01.463
end_time=2023-03-29T04:14:02.621
