function_of_improvement=#26
precision=9.007199254740992e15
precision_virtual=9.007199254740992e15
benchmark_seconds=300
benchmark_samples_limit=10
list_of_diagonals_used=[3, 4, 5, 10, 100, 200, 300, 400, 500, 600, 700, 800, 900, 1000]
start_time=2023-03-01T14:50:38.376
end_time=2023-03-01T15:26:09.487
