function_of_improvement=#26
precision=9.007199254740992e15
precision_virtual=9.007199254740992e15
benchmark_seconds=300
benchmark_samples_limit=20000
list_of_diagonals_used=[3, 4, 5, 10, 100, 200, 300, 400, 500, 600, 700]
start_time=2023-02-24T16:08:10.207
end_time=2023-02-24T16:38:01.188
